time,x,y,z,q,x,y,z
1592341205.8966184,0.09979844187939699,0.03078916126322781,0.0032478550195998287,0.4209405158155118,0.4230126133592556,-0.570852839194209,-0.5639122574659771
1592341205.9066184,0.09981203623381583,0.03079096462556457,0.0032455472112581,0.42098158222670495,0.42294580718914987,-0.5707862797802482,-0.563998608687068
1592341205.9166183,0.09982965321126486,0.030792869823609324,0.0032426378500695703,0.4210210459262432,0.422882593524872,-0.5707189387650091,-0.5640844166809598
1592341205.9266183,0.09985345169315071,0.03079654376626046,0.0032397456901369255,0.42107278659448977,0.4228058805593245,-0.570629214866953,-0.564193814993216
1592341205.9366183,0.09988664571177815,0.030802585032572008,0.0032348517032379713,0.4211726642954771,0.4226996592474204,-0.5705257033043815,-0.5643040810003535
1592341205.9466183,0.09992860326297257,0.030809358110367627,0.003229727669645806,0.42134587660289036,0.42253137433490884,-0.5702335840095437,-0.5645959178660546
1592341205.9566183,0.09995688796964512,0.030814670923674695,0.003225413079082655,0.4216454414339878,0.42225137131008383,-0.5698344165231796,-0.5649847828364658
1592341205.9666183,0.09996225721317188,0.030815270928661355,0.003224536812079872,0.4219629588509901,0.42208460760794286,-0.5694799486385673,-0.5652292140320312
1592341205.9766183,0.09996177637421222,0.03081513241793358,0.00322436957123055,0.42239085728415754,0.422398217190668,-0.5692229800701172,-0.5649347974945089
1592341205.9866183,0.09995304632451094,0.030812760930590415,0.0032209647829834044,0.42260491236410275,0.4229457799272981,-0.5691364081738144,-0.5644519669945989
1592341205.9966183,0.0999168383506909,0.03080312249662709,0.003210350927535809,0.4228562093313735,0.42367634765530926,-0.5691458526475172,-0.5637053369800948
1592341206.0066183,0.09980186029264096,0.030766972745987997,0.003187261821747365,0.4230038274518169,0.4245704008221248,-0.5692568466766214,-0.5628101097646048
1592341206.0166183,0.09959412691224143,0.030703397385546307,0.0031584269750391638,0.42300080885746805,0.4254669782514114,-0.5695183947187966,-0.5618696037217649
1592341206.0266182,0.09936969609061416,0.030634004722465736,0.003127549550250896,0.4229418945928684,0.42634920525873393,-0.569823553392724,-0.5609346657548332
1592341206.0366182,0.09914771223040882,0.030569428232477245,0.003090975468629759,0.4227781310785153,0.42707254595483357,-0.5702107148704462,-0.5601145364759853
1592341206.0466182,0.09892587225588452,0.03051612320854467,0.003057125233493375,0.4225591481748688,0.42766384212077485,-0.5706872930187579,-0.5593426764191203
1592341206.0566182,0.09871003030999029,0.03046267244808116,0.003029190356385454,0.4222818497327359,0.42819532971714014,-0.5711786501143947,-0.5586432092439657
1592341206.0666182,0.09852091496206278,0.03041172546871579,0.0030023641589260984,0.42195452405266853,0.428647144212325,-0.5716851714530069,-0.5580258205380775
1592341206.0766182,0.09836580847675205,0.030366449719705008,0.00297658581539724,0.42163105842232523,0.4290703679905373,-0.5721600270839396,-0.5574573235597122
1592341206.0866182,0.09823772573770152,0.03032284571359261,0.002960087251872129,0.42132938448463975,0.4294972867133362,-0.5725854302333674,-0.5569190374484699
1592341206.0966182,0.09812838396235528,0.030284539980007224,0.0029470620350439377,0.4210477534444226,0.42991356527476493,-0.5729920739071845,-0.5563927596529284
1592341206.1066182,0.09802216695626852,0.030249689853554352,0.002934163335910136,0.4207670105508199,0.43031590854948815,-0.5733979085494881,-0.5558766078057936
1592341206.1166182,0.0979201945100442,0.030216387313301608,0.0029194871579058803,0.4204896876788854,0.4307205736071923,-0.5737920111209527,-0.5553656196321695
1592341206.1266181,0.09783133374272494,0.030189699842429463,0.002906365860394454,0.4202228834433227,0.4311031624729441,-0.5741851766010262,-0.5548642792487173
1592341206.1366181,0.09776241937815365,0.03017074653367622,0.0028961757142265745,0.4199782895646134,0.43145338657421417,-0.5745545656530798,-0.5543946636465803
1592341206.1466181,0.09771972513815551,0.030158510524229507,0.0028886654331844253,0.4197817232201688,0.43178644717002995,-0.5748641067023577,-0.5539627442062184
1592341206.156618,0.09769947198900913,0.03015270021774995,0.0028844183395390598,0.4196642587876707,0.4320845699347842,-0.575099828722455,-0.5535743717251319
1592341206.166618,0.09769152126357351,0.03015041378656144,0.002882106033229542,0.4195872362647158,0.4323333644165052,-0.5752713078386105,-0.5532607986375578
1592341206.176618,0.09768928656055778,0.030149765096551713,0.0028807464585669795,0.4195048227449787,0.4325166792159094,-0.5754201035295985,-0.5530248447056022
1592341206.186618,0.09768835215368155,0.030149498692458896,0.0028807456723398076,0.41942613750886687,0.43269474556424264,-0.5755431305003624,-0.5528172441447692
1592341206.196618,0.09768810530827017,0.030148847926156266,0.00288074990804655,0.41934644066049465,0.4328527226756441,-0.5756493736748025,-0.5526431374894796
1592341206.206618,0.09768772207721807,0.030148274759513687,0.0028802270008634412,0.4192644813777766,0.4329914588888911,-0.5757634626370387,-0.5524782276888862
1592341206.216618,0.09768726778874687,0.030148141203152283,0.00287975275198342,0.4191984976372948,0.4331490077496732,-0.5758610041583612,-0.5523029914942611
1592341206.226618,0.09768726778874687,0.030148141203152283,0.00287975275198342,0.41919482897268184,0.43331812416863646,-0.5759142763242273,-0.552117471692409
1592341206.236618,0.09768781405838733,0.03014783732666569,0.002879756730437718,0.4192847096434987,0.4334924559322214,-0.5758694568673185,-0.5519586164231296
1592341206.246618,0.09769173002644586,0.03014794471569948,0.0028797677507745208,0.4194716583350394,0.43365310948968194,-0.575733528546402,-0.5518324393556755
1592341206.256618,0.09770053266026318,0.030148803643838738,0.0028797877954366592,0.4196735391639613,0.4338025616644387,-0.5755471743080752,-0.5517559438900559
1592341206.266618,0.09771168777722611,0.030150563516066528,0.00287880802295216,0.41988765599726396,0.4339564237015503,-0.5753681445948473,-0.5516592402977656
1592341206.276618,0.09772521899179692,0.03015236876631631,0.002878835122625568,0.4200898410988933,0.4341528410988933,-0.5752131030709882,-0.5515118055261924
1592341206.286618,0.09773859669857383,0.030156859718110614,0.002880453006558458,0.4203339052425507,0.4343850111996251,-0.5750544122317148,-0.5513086357424463
1592341206.296618,0.09776166956214098,0.030165515584477418,0.002883404565645562,0.4206279743754693,0.43463229891467187,-0.574827421231754,-0.5511264139104596
1592341206.306618,0.09780961719268484,0.030181810440197604,0.0028886267723381314,0.4210666871342643,0.4349540197225391,-0.5744524660443504,-0.550928063440948
1592341206.316618,0.09789771183880017,0.030213376736907743,0.002897452202674991,0.42168592946912475,0.43535836942772277,-0.573892417410727,-0.5507189431046225
1592341206.326618,0.09803667198044755,0.030265456128545774,0.002911478378568435,0.4222360501653355,0.4355810684690974,-0.573374256490153,-0.5506610896837592
1592341206.336618,0.09821554303846051,0.030336277084567626,0.0029272694563128843,0.4228038605524193,0.4356190367959075,-0.572865286631211,-0.5507254314557535
1592341206.346618,0.09841338549160275,0.03041365067879716,0.0029453466310198507,0.4234682827333552,0.435684856728119,-0.5722442886606548,-0.5508082852736265
1592341206.356618,0.09862531556308408,0.030500120473673033,0.0029672710698938763,0.4241750855344076,0.43575438037054337,-0.5715694497434999,-0.5509109649192355
1592341206.366618,0.09884995689691246,0.030597500553335672,0.002992708215319328,0.42493051693304396,0.43583425443605917,-0.5709110812350529,-0.5509468601412867
1592341206.376618,0.09909849939241269,0.030706144010807363,0.0030145569143504507,0.4257832756171376,0.4359893942618218,-0.5702884229527128,-0.5508118736809722
1592341206.386618,0.09940141861437653,0.03081418355252435,0.003044228924777653,0.42666440400251016,0.43613166154680055,-0.5696303325578412,-0.5506978820624007
1592341206.396618,0.09977906063906877,0.030934383994081625,0.003074092017443375,0.42759485026838717,0.43612885674826085,-0.5688052175066293,-0.5508312603176765
1592341206.4066179,0.10024137757645632,0.031068571754492694,0.0031099726325560864,0.42875862419402383,0.43589455014628425,-0.5677292740364396,-0.5512224177010151
1592341206.4166179,0.10077951351520521,0.0312072606374718,0.0031499441115014405,0.4300207861320634,0.4355282530990148,-0.5663912544980901,-0.5519049988807396
1592341206.4266179,0.10137022339506899,0.031344726097142776,0.003192934824649073,0.4311158965209315,0.4352833550463655,-0.5650838993510398,-0.5525831657880569
1592341206.4366179,0.10201279923368936,0.031489615769443466,0.0032399698107362044,0.43216475541804084,0.43493825895618077,-0.5637671831047114,-0.5533797903583207
1592341206.4466178,0.10269195271485693,0.03163408025227832,0.0032864313145329624,0.43283881170584604,0.4347688281687458,-0.5627115013998646,-0.5540601241654654
1592341206.4566178,0.10333822322062813,0.031775105927283526,0.0033209012328920392,0.43285449893553646,0.43496333432683265,-0.5625833350932464,-0.5540253316018059
1592341206.4666178,0.10394074962508006,0.03193855128415171,0.0033535047380518265,0.4329859965048713,0.43544545159707726,-0.5627234237178148,-0.5534013827522616
1592341206.4766178,0.10459682609432176,0.03210620633867139,0.003394082078991504,0.43296745962800165,0.4359204690951567,-0.5627294151747659,-0.5530350602318275
1592341206.4866178,0.10531277413040037,0.03229812906745402,0.0034251690958456687,0.4331039327885951,0.4361931607661065,-0.5628091685841317,-0.5526313793698583
1592341206.4966178,0.10605845868399671,0.032451319179864435,0.003440078766573881,0.4332091761256181,0.436954522487181,-0.5626648593939892,-0.5520949922244119
1592341206.5066178,0.1068201918348894,0.03260207961363027,0.0034463011113661586,0.4323956530562271,0.4371697608419929,-0.563587484746671,-0.5516208034311637
1592341206.5166178,0.10756299629424582,0.03276565499069218,0.0034512827976415166,0.4320797930089405,0.4381412121322875,-0.5642997986636598,-0.550367791808689
1592341206.5266178,0.10835759063710192,0.03292667698112283,0.0034636395975218364,0.4319960004035464,0.439163609759469,-0.5645981286677645,-0.5493128090160854
1592341206.5366178,0.10927730842420873,0.03310113288096177,0.003473445550370398,0.4318463039445042,0.43980754383210224,-0.5645009203723227,-0.5490147706603438
1592341206.5466177,0.11031535211376624,0.033327567935586444,0.003455878053651087,0.4313757091400211,0.4396952672739988,-0.5646873024393416,-0.5492832792806163
1592341206.5566177,0.1114242494166538,0.03366453640949969,0.0034287092590082903,0.4317397577391647,0.4386025223590838,-0.5648000244846171,-0.5497536960745565
1592341206.5666177,0.11264819621016509,0.03398734401712792,0.0034404381179603256,0.4335218038257745,0.43912313293920435,-0.5628955526209032,-0.5498886126641115
1592341206.5766177,0.11399303294788474,0.03433804268136346,0.003463047414297309,0.4340827823517207,0.4377523948169347,-0.5620221353636017,-0.5514299455956462
1592341206.5866177,0.11537265429952796,0.03471878338570898,0.0034895563971150106,0.43497029667899645,0.4370359762152298,-0.5609109200278655,-0.5524301944155652
1592341206.5966177,0.11674866460144279,0.035095977479737354,0.003501439481404854,0.4356786803622324,0.43675516524201596,-0.5601910461913229,-0.5528240497637086
1592341206.6066177,0.11813735749947978,0.03546661292424892,0.0035095893866529766,0.43572933554104326,0.43635876968284154,-0.5601009933768704,-0.5531895224440219
1592341206.6166177,0.11956098710559943,0.03583486664634506,0.003525493612732014,0.4357933571939462,0.43643660784958943,-0.5599754280605378,-0.553204071343423
1592341206.6266177,0.12104168708647967,0.036218230629004464,0.0035498647335846854,0.4355019527818564,0.43629332486986544,-0.5602576256019053,-0.5532610104929209
1592341206.6366177,0.12258099782958294,0.03662403793340505,0.003564487496444241,0.43526134355282203,0.43636045987699107,-0.5605248948852591,-0.5531260676266273
1592341206.6466177,0.1241932312181764,0.037035358859783055,0.0035800219899161673,0.43491633994040557,0.4364588889382406,-0.5607989116928557,-0.5530421748144657
1592341206.6566176,0.12588749566947066,0.03748646077340244,0.003602835087564966,0.4343623596119128,0.4361276549008458,-0.5613378337223683,-0.5531924760793234
1592341206.6666176,0.1276639085568819,0.03795217319875538,0.0036310216213711706,0.4342952177207917,0.4362469852326736,-0.5613608655813294,-0.5531276747442718
1592341206.6766176,0.12953205739234094,0.03842639413861062,0.0036571754501129234,0.43408225496246994,0.43610999926476596,-0.5614139958829771,-0.5533486526981795
1592341206.6866176,0.131487903976507,0.03892561930932377,0.0036727905142030053,0.43391303649677765,0.43567533377536377,-0.5615123540443583,-0.5537242689271689
1592341206.6966176,0.13352389946112644,0.03944331122164315,0.003687545084389753,0.4342662389429936,0.43561082643838217,-0.5611023381981332,-0.5539134237958661
1592341206.7066176,0.1356426809122286,0.039976307683897906,0.0037076384234442533,0.4344426912164993,0.4351302025721033,-0.5607609001468928,-0.5544975984201627
1592341206.7166176,0.1378332235378256,0.04053700495765399,0.0037267301725520435,0.43461328199997606,0.4344378196551848,-0.5604335715402624,-0.555238922436758
1592341206.7266176,0.14008040813992306,0.04110607725093978,0.0037479764753036433,0.43505942015274474,0.43412787418408505,-0.5598301010544114,-0.5557397978911772
1592341206.7366176,0.14238001615254933,0.04168916452338386,0.0037712034862520893,0.43535569792422885,0.4336552919938215,-0.559396703994508,-0.5563134024070023
1592341206.7466176,0.14473607129021668,0.042288291885697986,0.00379645620533755,0.4357006038890442,0.43334516255424144,-0.5589369037709386,-0.5567467257127191
1592341206.7566175,0.147145534245122,0.04290982641666889,0.003820694424960596,0.4360410370435346,0.43301959227348213,-0.558517657161577,-0.5571538509075156
1592341206.7666175,0.14961475145599415,0.04355752626944125,0.00384294342069741,0.4364872928787128,0.4328624466840653,-0.5579263913206468,-0.5575181781629915
1592341206.7766175,0.15214029972587928,0.04423546150259259,0.0038735946771692076,0.4368830434352506,0.4324849445602785,-0.5575314766919809,-0.557896575566953
1592341206.7866175,0.15470460040651923,0.044924179624380674,0.003918338637925557,0.43753902098576186,0.4326255387880487,-0.5568598637112503,-0.5579443626840069
1592341206.7966175,0.15730774904715786,0.04562525972380353,0.003961483784953754,0.43784890269616555,0.4325872356278689,-0.5565573574835788,-0.5580325529949152
1592341206.8066175,0.16011744063701508,0.046398323422501615,0.004005302241623991,0.43803611819486943,0.4325678685036236,-0.5564499945842633,-0.5580082684084896
1592341206.8166175,0.16307384607426562,0.04722060455022465,0.004051057676616429,0.4382396830566395,0.43275395827675395,-0.5562711706163205,-0.5578815853081601
1592341206.8266175,0.16608044886333773,0.04806959036200423,0.004100863615806893,0.43824067150419876,0.4326323215198439,-0.5562767591404578,-0.5579704741824454
1592341206.8366175,0.16920735599350245,0.04895322357984016,0.004145841857338293,0.43843603624937094,0.4327016421179076,-0.5560244907928731,-0.5580140115075664
1592341206.8466175,0.172409841438246,0.04985173861205302,0.004186167705219192,0.43850300119165736,0.43244651042700183,-0.5558364993445885,-0.5583469916583985
1592341206.8566175,0.1756699324781375,0.0507800297848011,0.0042271204757915485,0.4387911197632558,0.4322063620635585,-0.5555201499613528,-0.5586211102404982
1592341206.8666174,0.1790350724928422,0.051730106538860884,0.00427359372910159,0.43923880181065816,0.43222176951657393,-0.5550980723912948,-0.558676356281473
1592341206.8766174,0.1824259865443822,0.052693585968463436,0.004324545540482379,0.4395663185745773,0.4323371509411146,-0.5548161227892098,-0.5586106535575103
1592341206.8866174,0.18585833218186315,0.05367495239514586,0.004377078078367019,0.4399019827428468,0.4325517363042425,-0.5546397673671182,-0.558354883463629
1592341206.8966174,0.18956351147273878,0.054738531125272084,0.004428610442893514,0.44024413908551885,0.433089177552803,-0.5543755266254511,-0.5579307987635306
1592341206.9066174,0.19313408494997977,0.055773113232589995,0.004476220359808526,0.4403031775453125,0.4333842140859374,-0.5543513733609374,-0.5576796553703126
1592341206.9166174,0.1967343963305607,0.05683885040233965,0.004526004455007409,0.44036417654562754,0.43358223932977047,-0.5543975602712398,-0.557431236059153
1592341206.9266174,0.20042431808951658,0.057949097374169395,0.004580083039914352,0.4404828630520415,0.433854219270883,-0.554379150654924,-0.5571435478729653
1592341206.9366174,0.2042179994989635,0.05909062066080858,0.004633098934578667,0.4404908174891814,0.4341763782590079,-0.5543117713597231,-0.5569529671079123
1592341206.9466174,0.2080485564151283,0.060253417592072485,0.004687096404582597,0.44029128167825177,0.43417417801086833,-0.5544607732945774,-0.5569645696347786
1592341206.9566174,0.21194599531201874,0.06144859607025859,0.004744771927792151,0.4404648506329156,0.4344111018464817,-0.5543279185228147,-0.5567752749738674
1592341206.9666173,0.2159206420399934,0.06266823941556528,0.004808123518798767,0.44057661462322995,0.4344477270545918,-0.5542664361473842,-0.5567191091781634
1592341206.9766173,0.21994393656116912,0.06391906275934718,0.004867139384899209,0.4407161275484827,0.4343334546739914,-0.5542382231192303,-0.5567258200978956
1592341206.9866173,0.22436913830574665,0.06526571925003619,0.004944439103885111,0.44113237145379414,0.4346225824268322,-0.553786094112851,-0.5566209753785601
1592341206.9966173,0.22900079348472388,0.0666938143854797,0.005033935298555114,0.44110630238417475,0.4343126240710253,-0.5538142577933884,-0.5568550074317977
1592341207.0066173,0.23351129396515957,0.06811426523080107,0.005120158752445714,0.44135826056661065,0.4344768260566611,-0.553590942018887,-0.5567485654900504
1592341207.0166173,0.23770510217423763,0.06946545798583809,0.005197484476767052,0.44150071884211733,0.43451702269960873,-0.5536138321959494,-0.5565820657279172
1592341207.0266173,0.24197248333029797,0.07085253824829636,0.005278478063452291,0.44161700842947516,0.43470149608006053,-0.5536019694849886,-0.5563575039199394
1592341207.0366173,0.24629282493605106,0.07225576050491606,0.005365753153586949,0.44175156467755583,0.4349807030537593,-0.5535563102706327,-0.5560778594721464
1592341207.0466173,0.25065660751447405,0.07367056062219175,0.0054532060663079395,0.442013330732979,0.4351376994224612,-0.5534089702947099,-0.5558939803465233
1592341207.0566173,0.25507388888948,0.07509819236744845,0.0055422276159654005,0.44258783290093595,0.43533721957303245,-0.5529834415403411,-0.5557036133779305
1592341207.0666173,0.2595100943365603,0.07653879178645356,0.005634055521276366,0.4433565501711294,0.4355390742008366,-0.5525821346486813,-0.5553316115719303
1592341207.0766172,0.2639866560312368,0.07797472078749433,0.005731192576230095,0.4445006709040681,0.43641666607905777,-0.5516957402398027,-0.5546092141315709
1592341207.0866172,0.2680123602057902,0.07924093285157179,0.005845526690961118,0.4452673175976723,0.43699947371030984,-0.5511703407127642,-0.5540573387591652
1592341207.0966172,0.27203725937860523,0.0805193478557047,0.005961405634151817,0.4459250319922751,0.4376702513330426,-0.5508031452980937,-0.5533639873969599
1592341207.1066172,0.27606512649693105,0.08181602405450933,0.006079346669124755,0.44655885963265696,0.43838101114343286,-0.5504843652404716,-0.5526061547255553
1592341207.1166172,0.2804451692015168,0.08323795046100846,0.006207726779892764,0.447113084396132,0.4390822004235727,-0.5501414377273511,-0.5519425150789783
1592341207.1266172,0.2849440426339217,0.08470434952847483,0.006336450883618355,0.447768357471402,0.439691322425568,-0.5495691518739374,-0.5514971729001392
1592341207.1366172,0.28947385496109995,0.08619218017722664,0.006468550790772326,0.44853376736051354,0.440118996959463,-0.5488432645706115,-0.5512565015202685
1592341207.1466172,0.29400985767971116,0.08769256279084385,0.006597265533225417,0.4496382499531197,0.4406033835679605,-0.5478925401182061,-0.5509158759665806
1592341207.1566172,0.298563476170061,0.08919763147903086,0.00672929616703281,0.4507817416004599,0.44098875931694315,-0.5469720286399421,-0.5505863465211337
1592341207.1666172,0.30311424843534757,0.09070392986151053,0.006862290547821409,0.4519140063941216,0.4413095695296736,-0.5461878678020128,-0.5501799021088122
1592341207.1766171,0.3076731781839413,0.09220462009504372,0.007000464633248899,0.45305976411463494,0.44176392584370966,-0.5454146172379409,-0.5496397952024763
1592341207.1866171,0.3119019662243272,0.09359275048989024,0.007129596677347152,0.4539625293983058,0.4421098404459023,-0.5448298847791962,-0.5491971635843972
1592341207.1966171,0.31639933685274046,0.09507114960321444,0.007268109008398219,0.45473780875059905,0.44238609143024626,-0.5442836652384933,-0.5488746736874458
1592341207.206617,0.32089328760900215,0.09655870289263498,0.007406736401438841,0.45540947955647154,0.4426210986577209,-0.5437869632214698,-0.5486202620367644
1592341207.216617,0.32540199713294476,0.09805368260917317,0.007546866381855954,0.4559589736131776,0.44283106097445396,-0.5433064890978696,-0.5484700144235326
1592341207.226617,0.32990031999921493,0.09953563549605375,0.007682485836176588,0.4563928436952911,0.4430356397934177,-0.5428622816621435,-0.5483842067613501
1592341207.236617,0.33435911711531524,0.10098831178573814,0.007813541915524148,0.4566916525698225,0.4432872345222125,-0.5425248426354258,-0.5482663313004682
1592341207.246617,0.33877334453631824,0.10240145974808977,0.007949496641959933,0.45686631155167734,0.44368474636136573,-0.5424044657788476,-0.5479177810464875
1592341207.256617,0.3431488847301337,0.10377142334395806,0.008091692175131952,0.45711498721588384,0.4442298095349041,-0.542306,-0.5473663109417145
1592341207.266617,0.3475186847644297,0.10510178523280772,0.008232283742688142,0.4572679030818083,0.4448454675190106,-0.5423138335230216,-0.5467298654349462
1592341207.276617,0.3518834478659749,0.10638829668877202,0.008370540190132742,0.4572757703278065,0.4455075706171888,-0.5423695221115302,-0.5461294422223001
1592341207.286617,0.3563094779005281,0.10765152730139081,0.008484766767653891,0.4571291730861892,0.446118672662413,-0.5424587704094367,-0.5456637407944924
1592341207.296617,0.360634167170356,0.10885268863714566,0.008595688917920995,0.4566784210704344,0.4468398015452557,-0.5427913787042158,-0.5451201987766725
1592341207.306617,0.36489746586312216,0.11000291660640778,0.008704862903191099,0.4557467071018753,0.4478488376263878,-0.5435939707423852,-0.5442718801634046
1592341207.316617,0.36907964744726185,0.1110965718729087,0.008818113138842369,0.4545227207973034,0.44900776735037057,-0.544668290688615,-0.5432655486319493
1592341207.326617,0.3731791741932373,0.1121475683930045,0.008934360399162485,0.45293099269092085,0.44992418781818,-0.5460503862181707,-0.5424476616000029
1592341207.336617,0.3771267877781519,0.11318707181536848,0.009039532418547533,0.45110156180528915,0.4498254457273469,-0.5479935723945333,-0.5420951127129728
1592341207.346617,0.38116920886577216,0.11426241113718877,0.009140727509080541,0.4503887250460469,0.4503835954677898,-0.5487993034387879,-0.5414090071013936
1592341207.356617,0.3852656972294848,0.11533584100263788,0.009234170449648766,0.4497329531100431,0.45011706364143,-0.5494275313743767,-0.5415384163119051
1592341207.366617,0.3893728261265322,0.1164240483038244,0.009319172304094406,0.4496528371789838,0.44965480329069574,-0.5495009373449881,-0.5419150770383738
1592341207.376617,0.3934744184467198,0.11749799017152546,0.009413274285013314,0.45019861201599065,0.4495823670027637,-0.5489062454706345,-0.542124429489093
1592341207.386617,0.39727457920973724,0.11847103065970897,0.009519519600321864,0.45026041840873415,0.4490873492792355,-0.5487063613354076,-0.5426856567488505
1592341207.396617,0.4013891982988026,0.11950502458085474,0.009634111733099844,0.4502472333264106,0.44903017499480796,-0.5484847138357526,-0.5429673753586236
1592341207.406617,0.40536321193267955,0.12049804113958341,0.009748099713651596,0.44977374964784445,0.44885259959033424,-0.5489235691605525,-0.5430626341598431
1592341207.416617,0.40925148429205827,0.12147151735989697,0.009858254859122792,0.4492355673281367,0.4490355539741025,-0.5493979866459657,-0.5428777815849033
1592341207.426617,0.4130504784948579,0.12243646826865648,0.009962831154033633,0.44856724401143194,0.4491485346282697,-0.5499981424770272,-0.5427287729769182
1592341207.436617,0.41680975924901115,0.12340460558119083,0.010063700518669647,0.44792713643294624,0.44922810041197386,-0.5506253296059507,-0.5425563842259434
1592341207.446617,0.4205137919429665,0.12438125875396182,0.01016126958006106,0.44746172202223145,0.4492771411885352,-0.5512876405087647,-0.5422271094313867
1592341207.4566169,0.4242772115289027,0.1253639674684038,0.01026492002929351,0.44731129149686527,0.4499275448716693,-0.5514947113709835,-0.5416008004383817
1592341207.4666169,0.42795191703769325,0.12634110204903337,0.01037048581531956,0.446737,0.4497684082299232,-0.5521548810486053,-0.5415340225955203
1592341207.4766169,0.4317017807898336,0.12734656167344136,0.010486687306276454,0.4467615101435385,0.4500625255968483,-0.5520530753625326,-0.5413733990406192
1592341207.4866168,0.43567543518283064,0.12843735390201555,0.010606819969679151,0.4467308922905067,0.4496884503909722,-0.5519593598323527,-0.5418056744693948
1592341207.4966168,0.4399399980016349,0.12963858328541722,0.01072958589616709,0.44685120937508854,0.4489496790768476,-0.5517328763670825,-0.5425484519045805
1592341207.5066168,0.4442201029016445,0.1308497232590492,0.010850728647070424,0.44744232462643313,0.4484612491630668,-0.5509954652731349,-0.5432148178655924
1592341207.5166168,0.44848614766964795,0.13203240339440156,0.010974017942505885,0.4479797075610539,0.4480047315995344,-0.5502232678782096,-0.5439304637213248
1592341207.5266168,0.4527125263841309,0.1331835190482449,0.011088046539035985,0.4481631256135019,0.44716397430157606,-0.549998446998365,-0.5446976776004382
1592341207.5366168,0.45687871965466825,0.13428749042262475,0.011209018445704001,0.44865660602550517,0.4471512443662816,-0.5494213388812671,-0.5448853619023064
1592341207.5466168,0.46098846781396025,0.13535796355745328,0.011329397826405786,0.4486661952608473,0.4470519028436167,-0.5493303611374467,-0.5450505270140461
1592341207.5566168,0.4650384863325036,0.1363988739337642,0.011452692480734647,0.4484243460521635,0.4471250046983562,-0.5495199965626539,-0.5449980800960117
1592341207.5666168,0.4688743059138154,0.1373879718563211,0.011569361168553716,0.44818715755831806,0.44729344437367585,-0.549853,-0.5447192129893957
1592341207.5766168,0.47250505376424806,0.1383169513493861,0.011684360573229621,0.4479086814318547,0.44759054739163745,-0.5502112798710497,-0.5443418502502395
1592341207.5866168,0.47629330008082243,0.13926668666403427,0.011796823151357596,0.4477553537231036,0.4481151453274134,-0.5503937748626075,-0.5438521744626943
1592341207.5966167,0.4803363355058161,0.1402525396473464,0.011908479018079959,0.44734737411054765,0.4483097483971983,-0.5509668339703273,-0.5434474814446401
1592341207.6066167,0.4843307987266174,0.14119661383960802,0.012017952926427489,0.4469411094317007,0.4489762029348441,-0.5515072434337183,-0.5426816454062292
1592341207.6166167,0.488279399477758,0.14209233672023702,0.012123438437406662,0.44624596643238135,0.4496619408770767,-0.5520644075660794,-0.5421195714764343
1592341207.6266167,0.4922123029401456,0.14299550084057075,0.012228119782394969,0.44558214531539553,0.449891753346146,-0.5526039590381581,-0.5419253669656857
1592341207.6366167,0.4961641569298341,0.1439384915730636,0.01233438448972031,0.44549060367375437,0.44991856252702883,-0.5525921880969005,-0.5419908337992168
1592341207.6466167,0.500157347143272,0.1449115317899952,0.012439581107051628,0.44575636708213384,0.4495033081359125,-0.5521854335231767,-0.5425310105929352
1592341207.6566167,0.5041742012080589,0.14590423299344746,0.012541316752888169,0.4466575619832159,0.4489422645778626,-0.5512247377089622,-0.5432301262532566
1592341207.6666167,0.5081898327898564,0.1469127953926921,0.012641208150705269,0.44804536029752556,0.4482251678221582,-0.5497174799797924,-0.544205283090913
1592341207.6766167,0.5121701235973347,0.14793544146932208,0.012732460099517947,0.44949399277884206,0.44726370753144473,-0.5480114408635203,-0.5455209046467548
1592341207.6866167,0.516137170926136,0.14898850115458787,0.012799171162353793,0.4509400118448468,0.4463011203813315,-0.5462944454643984,-0.5468365159987609
1592341207.6966166,0.5200206698534667,0.15005572039747134,0.012860817504490174,0.45214774788717066,0.44551938041927197,-0.5446745087257145,-0.5480916100135385
1592341207.7066166,0.5237784529342122,0.15116735105756446,0.012919174591954921,0.4533523478055124,0.44479982724463607,-0.5433337247745776,-0.5490113598214813
1592341207.7166166,0.5274014957535711,0.15229517925177727,0.0129719535230135,0.4543345654222667,0.4443220244560944,-0.5420938922715631,-0.5498112555330267
1592341207.7266166,0.5309063752673452,0.15343758864220233,0.013021843904797483,0.4553586882960996,0.443923147757708,-0.5409722529996509,-0.5503904615565487
1592341207.7366166,0.5343075215124882,0.15459967394651716,0.013069746458404679,0.4564719324260064,0.4435786594882378,-0.539872355315135,-0.5508257417568243
1592341207.7466166,0.5376155848009699,0.15576647219599474,0.013110123206018998,0.45771548405697027,0.44327201561544255,-0.5386437033210908,-0.5512431613523234
1592341207.7566166,0.5408530930014551,0.1569243385643586,0.013147297246190863,0.4587765949962636,0.4429511046246952,-0.5374567204952608,-0.5517770106141351
1592341207.7666166,0.5440019632405149,0.1580656549416314,0.013187359312698719,0.45974472493733637,0.4426942400931573,-0.5364511260903183,-0.5521568114002839
1592341207.7766166,0.5470155240159696,0.15918476882249266,0.013222701196787878,0.4608083893960079,0.442758204240463,-0.5352911380487384,-0.5523443926960355
1592341207.7866166,0.5499417598562609,0.16027233153614376,0.013257289893873033,0.461914298471018,0.4426348349619346,-0.5339961828745434,-0.5527720215063209
1592341207.7966166,0.5527479026744467,0.16135103607425313,0.013290296887534442,0.46336555151705217,0.44238996335960895,-0.5324362542097085,-0.5532586488515887
1592341207.8066165,0.5553680407613681,0.1623849859782482,0.013313993282912252,0.4648087154899349,0.44232920361282624,-0.5307290219931372,-0.5537369277434756
1592341207.8166165,0.5577734059088095,0.1633831697995761,0.013338387553914248,0.4661229374873326,0.44237905798322574,-0.5293620476684424,-0.5539004856784029
1592341207.8266165,0.5599625758118774,0.16436408475022413,0.013364123902089955,0.4674239453797717,0.4427324934278856,-0.5280662757282586,-0.5537585574920375
1592341207.8366165,0.5619610786643301,0.1653100614872711,0.01339057742798473,0.4682917988319417,0.44312719854139077,-0.5271660708468422,-0.5535673688056675
1592341207.8466165,0.563801968791141,0.16623953838044883,0.013420618145990403,0.4691118663391731,0.443614965829521,-0.526600685293734,-0.5530203724752014
1592341207.8566165,0.5655072874145547,0.16710402243737682,0.013455528056946917,0.46957392187405755,0.4441887450837179,-0.5263855374856958,-0.5523720023489752
1592341207.8666165,0.5670753817302296,0.16788497824307605,0.013489798038825124,0.47012858294148097,0.44496824730058804,-0.5263027754430081,-0.5513504705405399
1592341207.8766165,0.5685233755987176,0.16858426964048553,0.013526235429314366,0.47065067018854256,0.4458157658759945,-0.5262483667131768,-0.5502711210046187
1592341207.8866165,0.5699016500315125,0.16925055410546855,0.013561024647785296,0.47090258597440654,0.44657337835653976,-0.5264927925550104,-0.5492077083958141
1592341207.8966165,0.5712376371649597,0.16991305268632467,0.01359643368562723,0.4713320594658352,0.44709061424970326,-0.526673,-0.5482436619328575
1592341207.9066164,0.5725294508662322,0.17052469433039616,0.013618782430626366,0.47218841064595796,0.44747610727025167,-0.5262516240352801,-0.5475963055078139
1592341207.9166164,0.5738074619899235,0.17106668021500437,0.013631083307381697,0.47310961875868807,0.4478909464321176,-0.525524937005121,-0.5471602476432509
1592341207.9266164,0.5750930226283695,0.1715374322135773,0.013624509493481554,0.47489756823246565,0.4482989787654439,-0.5236456820507505,-0.54707834357299
1592341207.9366164,0.5764329429797919,0.17198838701252547,0.013599932449634759,0.47695537334678445,0.4483166575207847,-0.5211454963248333,-0.5476609069085472
1592341207.9466164,0.5778096094664892,0.17243703244458153,0.01357447261969125,0.4783622686984581,0.4479373103100833,-0.5192169748624492,-0.5485766238689702
1592341207.9566164,0.5791562441188496,0.1728559641384936,0.013559857762850392,0.4788876874326202,0.4473469978534545,-0.5182743974231846,-0.5494896530590676
1592341207.9666164,0.5804083299117595,0.17322283469766867,0.013563477835025338,0.47871632975834827,0.44702681653416276,-0.5182660589971632,-0.5499073460327444
1592341207.9766164,0.5814932014372883,0.1735178038155331,0.013589615288153735,0.4782526184217351,0.4474138293657946,-0.5188103858765174,-0.5494820253209183
1592341207.9866164,0.5823651343795085,0.17375615725081145,0.01362861821048028,0.477738085854491,0.4485669525574377,-0.5196715169483059,-0.5481739679120536
1592341207.9966164,0.5830691711521971,0.173959935659469,0.013680398316087708,0.47695924125402733,0.4503462424244621,-0.5209309287130292,-0.546194174317186
1592341208.0066164,0.5836522407088254,0.17414642874078345,0.013732420323793501,0.476019766439544,0.45227351830322476,-0.5225209452549402,-0.5438978927753021
1592341208.0166163,0.5841828800974995,0.1743619570942,0.013785133481950833,0.4750484406659817,0.45395924151672346,-0.5244473992012676,-0.5414827574665962
1592341208.0266163,0.584720560097502,0.17463552893565132,0.013839538722878048,0.4744393526361576,0.4552012360784518,-0.5262706787724775,-0.5392010206625668
1592341208.0366163,0.5853072432351037,0.17496772419784973,0.013889497578488837,0.4741886587931981,0.4560545888987914,-0.5277464128736942,-0.5372543277852485
1592341208.0466163,0.5859665003349461,0.17529964608724663,0.0139357042850846,0.4735433284577385,0.4569886921264425,-0.5291102500778063,-0.5356857885564362
1592341208.0566163,0.586611218084408,0.17550756830042774,0.01395061911553578,0.47141390094783564,0.4589474037369395,-0.5311985059741463,-0.5338197485330607
1592341208.0666163,0.5871526235856974,0.17563719099749792,0.013949626566320818,0.4701382970828591,0.4610236066636918,-0.5325738200668408,-0.5317815481504012
1592341208.0766163,0.5877276335367068,0.17583449479351046,0.01395201535049184,0.4694359728251001,0.4620746980475372,-0.5334761453047981,-0.5305836304423028
1592341208.0866163,0.5883914494214812,0.1760359342491903,0.013946209786411732,0.4678009471664756,0.462848865076313,-0.534962375514423,-0.52985751841134
1592341208.0966163,0.5890889830087866,0.17625483851695506,0.013959875041709424,0.4672648984347186,0.4629640418964579,-0.5355886614467528,-0.5295971586961852
1592341208.1066163,0.5899025726382499,0.1765450949542234,0.013977702918487557,0.4668631510493219,0.46238183684517853,-0.5358236626315002,-0.5302212083522588
1592341208.1166162,0.5908579523970995,0.17685609677689487,0.013995745314926469,0.4672014692210331,0.46125504100517817,-0.535001650603153,-0.5317330012644493
1592341208.1266162,0.5919904936448871,0.17720435129070633,0.01401418164753251,0.4680225797564946,0.45946130907605875,-0.5333879515959552,-0.5341787537653463
1592341208.1366162,0.5932772291804248,0.1775675136673564,0.014020049445650206,0.46898814741337636,0.4571967064181384,-0.5313035196616357,-0.5373426327511598
1592341208.1466162,0.5946318918865893,0.17791439362062322,0.01401705288578254,0.469739141866464,0.4547410527287352,-0.5292371235579768,-0.5407984835990334
1592341208.1566162,0.5959469324683999,0.17823130797126252,0.014014735183939253,0.46987894695184923,0.4523529994067514,-0.5279014206255234,-0.5439769024142536
1592341208.1666162,0.597103145151142,0.17852283570494937,0.014028920582113148,0.4691355654970619,0.4501205359083369,-0.5283183711698838,-0.5460614736097493
1592341208.1766162,0.5980532150584977,0.1787251096469603,0.014062407204498695,0.4680357512216744,0.4488261491296437,-0.5295413756075293,-0.546884494773231
1592341208.1866162,0.5988428878374906,0.17875248219872863,0.014106012474097781,0.46601785099153586,0.44846985653187227,-0.5316536745103655,-0.5468520276403483
1592341208.1966162,0.5994298886766684,0.1785895530821902,0.01415338294327716,0.4634458420877783,0.4489709694470607,-0.5344629005501327,-0.5458867837433578
1592341208.2066162,0.5998939673658505,0.17826385953685628,0.014279126028487927,0.46056446706488535,0.450336970766286,-0.5374643255601971,-0.5442517665667541
1592341208.2166162,0.6002259594983853,0.17780763140627245,0.01444063826144845,0.45741456614542864,0.4523837420712453,-0.5406542884971631,-0.542045588372412
1592341208.2266161,0.6003876656611994,0.1772949208366804,0.014511455010381426,0.45441408941705747,0.45487932414703,-0.5440161162107874,-0.5391082318412609
1592341208.2366161,0.6004223861500032,0.1767418006673284,0.0145159096734736,0.4514795544236328,0.45756060417152183,-0.5475700674353906,-0.5356963723579732
1592341208.2466161,0.6004272067492227,0.17614068426951857,0.014499653006084384,0.4486685015459038,0.460251129641712,-0.5509063893851668,-0.5323225646229426
1592341208.256616,0.6005459746837227,0.17556266630870987,0.014518377522527168,0.4464477972991049,0.46210169888626573,-0.5532333126498182,-0.5301690232266014
1592341208.266616,0.6008898157837279,0.1751215590549061,0.014540235078505975,0.44508402685864557,0.4627063878813052,-0.5545511534911628,-0.5294100844985924
1592341208.276616,0.6014482957692131,0.17483306159520434,0.014569863861640392,0.4443846857539134,0.4623174527318211,-0.5549482425094734,-0.5299215878801761
1592341208.286616,0.6020985170401161,0.1747084447601644,0.01460239492829639,0.44418248439291597,0.4614209237731714,-0.554786327845695,-0.5310405347344213
1592341208.296616,0.602729817768875,0.1747344017986423,0.014634294784969365,0.44404300289189363,0.4601569891509927,-0.5545250841161873,-0.5325249503528887
1592341208.306616,0.6032921026677163,0.1748806179927506,0.014665726997190933,0.4439779474430856,0.45873612055752144,-0.5543162102276575,-0.5340204193526537
1592341208.316616,0.6037771546034087,0.17507759569995615,0.014694614487415368,0.4442895750803709,0.4575904736258931,-0.5538943270233152,-0.5351811655326324
1592341208.326616,0.6042097769462574,0.17525999648459412,0.01472150700416113,0.44461548666827266,0.45660287209849487,-0.5534392538983174,-0.5362241499822137
1592341208.336616,0.6045749004880069,0.17541198191087548,0.014748740129350313,0.4448483610611707,0.4557772325048338,-0.553085883633972,-0.5370977357796333
1592341208.346616,0.6048554986397183,0.1755261384746583,0.014776351330322237,0.4450349536004315,0.455264092799137,-0.5528056637707742,-0.5376654587439051
1592341208.356616,0.6050590673110986,0.17560651336030977,0.014802719063722856,0.4452097678229522,0.45501213756448633,-0.5525637270847757,-0.5379829359410708
1592341208.366616,0.60516208067233,0.17564912867409382,0.014821662540702399,0.4453250517795815,0.4548806299066582,-0.552423391171338,-0.5381424669316424
1592341208.376616,0.6052133804414161,0.17567254372569194,0.0148334291171987,0.44537819271432294,0.4547995319795014,-0.5523598348162946,-0.5382324129592635
1592341208.386616,0.6052400659084777,0.17568688657827003,0.014841782432903983,0.4453847329172062,0.4547613187288085,-0.5523720464243879,-0.538247
1592341208.396616,0.6052453992652361,0.17569050317186888,0.014844278448380823,0.44530757580705715,0.4546690743503585,-0.552491885561065,-0.5382654613681221
1592341208.406616,0.6052452478378969,0.17569103142925452,0.014845251217516797,0.44509911065794483,0.45448358822810603,-0.5527136610262693,-0.53836741974559
1592341208.416616,0.6052448521617573,0.17569092342666542,0.014845815173924021,0.4446636540400401,0.45421377867565454,-0.553102959205036,-0.5385548345694215
1592341208.426616,0.6052429638460088,0.17568896048055888,0.014847205885751152,0.4440908921437595,0.4539945512796034,-0.5535647948815863,-0.5387378808475254
1592341208.436616,0.6052367667557504,0.1756851732621649,0.014850538097406406,0.44364057112595107,0.4539730319295193,-0.5539433192951931,-0.5387380137902978
1592341208.446616,0.6052254502770567,0.17568065288194026,0.014855794112468595,0.4431214249685526,0.45394866167754055,-0.5544345449669869,-0.5386800413548463
1592341208.456616,0.605202481351964,0.17567110296580318,0.014863306994743001,0.4424675053578112,0.453847443213382,-0.5550664946421887,-0.5386529007474499
1592341208.466616,0.6051586331839645,0.17565563442807086,0.014874420962426919,0.44173470425441164,0.4537542368793226,-0.5558009662538511,-0.538574895862797
1592341208.476616,0.6051037014715049,0.17563727099919485,0.014887213184481581,0.44094058111480045,0.4536291029753025,-0.5565837707220502,-0.5385230581924861
1592341208.486616,0.6050496474094144,0.17562262907074933,0.014897587166968618,0.4401086686027774,0.45341582152361437,-0.557405865402545,-0.5385321885562218
1592341208.496616,0.6050119530829585,0.17561482253751923,0.014905245701159678,0.4392964724954253,0.45316915749847514,-0.5581861258119855,-0.5385939867890362
1592341208.5066159,0.6049943340091141,0.17561189240162137,0.014909979560523173,0.4385530285308173,0.45290223565788235,-0.5588821943552038,-0.5387033313419368
1592341208.5166159,0.6049838793852375,0.17560995811717028,0.014913910838346308,0.4378371568815461,0.4526087924111247,-0.5595456100725694,-0.5388434364263732
1592341208.5266159,0.6049748055889067,0.17560933927346234,0.014916834925722211,0.43716092523363204,0.45237058761333104,-0.5601837713488751,-0.5389298739294197
1592341208.5366158,0.6049680192329971,0.17560855184871452,0.014919769744345796,0.43651122508759455,0.4521566900350378,-0.5607936646084865,-0.5390009653711393
1592341208.5466158,0.6049639981935926,0.1756084423859692,0.014922599903549704,0.4358675763565298,0.4518853804861888,-0.5614028251440693,-0.5391150495318158
1592341208.5566158,0.6049618430135056,0.17560882104088407,0.014923611756626072,0.43521492873669143,0.45159809080158175,-0.56199047668261,-0.5392714015116468
1592341208.5666158,0.6049596732462876,0.17560924782991602,0.014925570010785868,0.4345546329315829,0.4513314402746512,-0.5625956680213292,-0.5393963443525842
1592341208.5766158,0.6049577690869135,0.175608724416363,0.014926542203654766,0.4338747456624595,0.4510573782275118,-0.5632202857784332,-0.5395204950721177
1592341208.5866158,0.6049534677662571,0.1756095376832135,0.014929497046142196,0.4332284869978845,0.4507841091055713,-0.5638072731180535,-0.539655102600423
1592341208.5966158,0.6049512146407874,0.17561000877959437,0.014930460634557847,0.43268573239990776,0.4505645107370417,-0.5643044008495222,-0.5397546446157473
1592341208.6066158,0.6049496446903764,0.17561153813555366,0.014932418220944599,0.43218361246591197,0.4503410189592018,-0.5647598006336229,-0.5398668756108974
1592341208.6166158,0.6049493763858498,0.17561247637498345,0.01493337821117895,0.4317015924405475,0.45006419059647657,-0.5652012284568592,-0.5400216268590771
1592341208.6266158,0.6049496211594069,0.17561461035047557,0.014935331704221871,0.4311871525033349,0.44968954406869305,-0.5656581855159105,-0.5402667333755715
1592341208.6366158,0.6049517336945458,0.17561728767349621,0.014938085563290395,0.43069718204761237,0.4492578764178257,-0.5660658392719405,-0.5405891700516764
1592341208.6466157,0.6049578831724137,0.1756221669290326,0.014942014890680498,0.43028151765742423,0.4488679760623396,-0.566385497155703,-0.5409084934524212
1592341208.6566157,0.604966319661718,0.1756284762040887,0.014947669820991927,0.42993284428120565,0.44856035221929735,-0.5666446167890957,-0.5411704013693684
1592341208.6666157,0.6049767530648398,0.17563560913409879,0.014954275063812743,0.4295996580711187,0.4484001062198124,-0.5669096788233633,-0.5412903023269444
1592341208.6766157,0.6050017656372458,0.17565115472698273,0.014965182513455863,0.42935772109360687,0.44823162413830886,-0.5670871879308456,-0.5414353880039479
1592341208.6866157,0.6050294854594274,0.1756676569325581,0.014972322775815625,0.4292290116787272,0.4479973762106982,-0.5671146117783843,-0.5417029179167192
1592341208.6966157,0.6050658377703678,0.17568865158122934,0.014979826962797921,0.42914832074638626,0.44768483014980237,-0.5671383512398667,-0.5419999202062068
1592341208.7066157,0.6051091709681484,0.17571338875125797,0.014987664794750253,0.4290436611367242,0.4472721157788519,-0.5671898881044517,-0.5423696028939619
1592341208.7166157,0.6051569445552457,0.17573773852894736,0.014996505143933475,0.42898969089781924,0.44685604030887593,-0.5671552907738312,-0.542791196099847
1592341208.7266157,0.605195344606768,0.17575737978516898,0.015002808127494152,0.42903439949409305,0.4464722688589301,-0.5670037756172558,-0.5432302280451164
1592341208.7366157,0.6052140121584046,0.17576778312941685,0.015007184330074192,0.42908322680956784,0.4462092092233647,-0.5668556154426855,-0.5435621536719438
