time,x,y,z,q,x,y,z
1592262455.3305867,-0.10133598436492847,0.3618446748363444,0.0028873168116933124,0.49660842457034693,0.49505,-0.5101172681640379,-0.498083134082019
1592262455.3405867,-0.10133661635685597,0.36184356481447394,0.0028873265074800076,0.49659084708695905,0.4950481790724626,-0.5101476901304288,-0.4980704889420338
1592262455.3505867,-0.10133758482075152,0.3618434275492944,0.0028883224316691956,0.4965457000958863,0.4950649250239716,-0.5102079810162773,-0.498037393863865
1592262455.3605866,-0.10134041568550052,0.3618422495656459,0.002889319791291022,0.49641147071049585,0.495082456320576,-0.5103233302488321,-0.498036
1592262455.3705866,-0.10134560787580713,0.36184048462431667,0.0028910225278620198,0.496178949458023,0.4951023721300745,-0.510554214094283,-0.49801032710461207
1592262455.3805866,-0.10135126892722661,0.36183832859687587,0.002892987059344107,0.49592651861749315,0.49519660168036495,-0.510792211667017,-0.4979239294443277
1592262455.3905866,-0.10135523203898911,0.36183606471684976,0.0028949609271162525,0.49559102807718397,0.4952081221671725,-0.5110980438439485,-0.4979322231530162
1592262455.4005866,-0.10135898591296066,0.3618345111535338,0.002895929185407998,0.4951222106434796,0.4950771019029927,-0.5115273907240192,-0.4980889107010079
1592262455.4105866,-0.1013616965879049,0.36183271851569937,0.0028973082069341624,0.49457262796583884,0.4949253801499045,-0.5120287356423193,-0.4982708512794134
1592262455.4205866,-0.10136389455998586,0.3618313784563296,0.002898311353719945,0.49385830032399813,0.49478437374384815,-0.5125938298218888,-0.49853745272830247
1592262455.4305866,-0.10136432101935483,0.3618313253445376,0.0028993095213296423,0.49345191853652387,0.4947130742666575,-0.5130528203809392,-0.49853899280318137
1592262455.4405866,-0.10136278768879124,0.3618315770231572,0.0029003544989505627,0.4931244008245086,0.49485061921298773,-0.5133058800999217,-0.49846598376014667
1592262455.4505866,-0.1013424063026609,0.36183532179583594,0.0029068458438157685,0.4929798588621152,0.4947484664914383,-0.5134459234462226,-0.49856624163100166
1592262455.4605865,-0.10126704612434231,0.3618497601377337,0.0029222575272173836,0.4931717972436424,0.4945575779044189,-0.5133244946697931,-0.498690963712894
1592262455.4705865,-0.10110761726559332,0.3618758573949296,0.002948237317667409,0.4935041984174379,0.49423296337545497,-0.5130869551776774,-0.49892818010516543
1592262455.4805865,-0.10088346204358171,0.36190474922443466,0.0029808235698616375,0.4939937999178806,0.4937642950991701,-0.512724822716958,-0.49927933294175164
1592262455.4905865,-0.10064445694115667,0.3619248953233719,0.003013605748706775,0.49451364335039033,0.49337668506600874,-0.5121927794428635,-0.4996946952443528
1592262455.5005865,-0.10039807769880954,0.3619452868209255,0.0030463329998962566,0.4952888523232457,0.49313096991219185,-0.5114469438031609,-0.49993310963139165
1592262455.5105865,-0.10014695638043401,0.3619624665844164,0.0030778115798268378,0.49619039900830425,0.4929719083135946,-0.5105687550658518,-0.5000927321800414
1592262455.5205865,-0.09989327867328528,0.36196120672268034,0.0031102588037375685,0.49699414683569176,0.49278978481007,-0.5096924772148818,-0.5003682028482236
1592262455.5305865,-0.09965120784248793,0.3619175275342933,0.0031339859528373886,0.49761715476752977,0.49270133997837484,-0.5088222762451121,-0.5007218706666395
1592262455.5405865,-0.09944071525732953,0.36180645432608444,0.0031565645938726817,0.49804691098204756,0.4928412449652466,-0.507892310588035,-0.5011006767395845
1592262455.5505865,-0.09926769562144397,0.36164249142342436,0.0031894530463454805,0.49827248433925136,0.4931015452896857,-0.5069949406212287,-0.5015283024551257
1592262455.5605865,-0.09913980400462707,0.36152986139907345,0.003211972758838671,0.49858479745536266,0.49302659723647707,-0.5065222740953581,-0.5017701451193622
1592262455.5705864,-0.09904109659906701,0.3614697120482734,0.0032182220005499396,0.49878568332791307,0.49270762987759764,-0.5063336729281847,-0.5020736937276415
1592262455.5805864,-0.0989329954878901,0.36139164169113475,0.003226856056749295,0.49889421752933677,0.492445533599791,-0.5061079973449015,-0.5024502515259708
1592262455.5905864,-0.09881561823963504,0.361279331383196,0.0032379288313137667,0.4990203659053635,0.49221084236994256,-0.5058824322408928,-0.5027830534924044
1592262455.6005864,-0.09868855367072334,0.36110974083335684,0.0032516689104972276,0.4990571320973921,0.4919354869572031,-0.5057577901534678,-0.5031403109965608
1592262455.6105864,-0.09858760723376947,0.3608885552731493,0.003268187018287147,0.49888294123554544,0.49169535424694444,-0.5058096018283199,-0.5034959269902477
1592262455.6205864,-0.09851496446256029,0.3606202398761559,0.003300613252719435,0.49834912852958446,0.49156031976867137,-0.5059804499667794,-0.5039849943300181
1592262455.6305864,-0.09841506078108558,0.36030367231978244,0.0033495101443665482,0.49772051009476936,0.49150117871224897,-0.5060996750686383,-0.5045436686174797
1592262455.6405864,-0.09828085568592665,0.3599184244138298,0.0034170542325817808,0.49726762459414997,0.49156219018819614,-0.505879907498907,-0.5051503118661395
1592262455.6505864,-0.0980911658327317,0.3594570068972115,0.003508888040347259,0.49712351338376143,0.4917919854967254,-0.5051323334745224,-0.5058160360464028
1592262455.6605864,-0.09782664088666851,0.35891761835516706,0.003620983189167013,0.49729310364719037,0.49213284711920474,-0.5038565826878181,-0.5065891898864191
1592262455.6705863,-0.09747655781117003,0.3583009658881008,0.0037559680916939993,0.4977507194159247,0.4925508680986057,-0.5020624702392459,-0.5075147057584283
1592262455.6805863,-0.0970608488435377,0.35760965378427095,0.003910738199667677,0.49843904376565507,0.4930690278862193,-0.4997902955036619,-0.5085772099164889
1592262455.6905863,-0.09664643713701741,0.35685584563124045,0.004088048019949895,0.499014797303532,0.49371287621092136,-0.49739364509204054,-0.5097359735027671
1592262455.7005863,-0.09629571997297535,0.3560493252048431,0.004275483147961168,0.49890473081861436,0.4942902856138649,-0.4956379296580929,-0.5109937820096153
1592262455.7105863,-0.09600367308900705,0.35517281284555735,0.004473271534766979,0.49829437985773345,0.4949487604299239,-0.49420369726944174,-0.5123383189897623
1592262455.7205863,-0.09577654325700494,0.3542092606180722,0.004689280452085915,0.497443998049048,0.495934648117573,-0.49272943440286365,-0.5136306901581721
1592262455.7305863,-0.09559967081803693,0.3531527804144916,0.004926025535572801,0.4963548519124633,0.4971840874038389,-0.4911731544255254,-0.5149639315430465
1592262455.7405863,-0.09545051629874339,0.3520148648862982,0.005186436674635567,0.49515327820052485,0.4986263859383728,-0.48946866863464555,-0.5163472298026248
1592262455.7505863,-0.0953174786138501,0.35081047653962705,0.0054643762210669355,0.49394482962443215,0.5002423188875883,-0.4875531616998062,-0.5177526449330726
1592262455.7605863,-0.09519901114539303,0.3495369325161369,0.005750542783548391,0.49267348032049163,0.5019302300050528,-0.4855764571552755,-0.5191847698304736
1592262455.7705863,-0.09511207504392123,0.34838874413959964,0.0059976137260770055,0.49121426291597653,0.5036476159567352,-0.4836867981281235,-0.5206668406835798
1592262455.7805862,-0.09504373432214233,0.3472222884068666,0.006239173738367466,0.4894666659149182,0.5054529850542769,-0.4818819911236359,-0.522233535745182
1592262455.7905862,-0.09497881143979862,0.3459962276617022,0.006498585020633978,0.4873918200348539,0.5073993688285527,-0.4800688071186084,-0.5239543780544423
1592262455.8005862,-0.09490545505892455,0.3447096330166919,0.006774970771444868,0.48523708937371135,0.509454352586593,-0.47805079616453805,-0.5258018985835076
1592262455.8105862,-0.0947932893735796,0.3431318872893543,0.0071012099542171955,0.48324905066999907,0.5116019076332426,-0.4757150138677358,-0.5276621897215605
1592262455.8205862,-0.0946415577016554,0.34140395173152754,0.007454609897050503,0.48122758887243045,0.5139325058797928,-0.4730392960637912,-0.5296471400391325
1592262455.8305862,-0.09445935160896171,0.3395225903297076,0.007847358048325504,0.47906835443385354,0.5164046848267707,-0.47009244515642257,-0.5318193973177671
1592262455.8405862,-0.09428180041088573,0.3375238663521844,0.008250314388393179,0.47689181816756265,0.5189817740850047,-0.4669033290059728,-0.5340706731807795
1592262455.8505862,-0.09409078812669515,0.33544507089520076,0.008653601672613068,0.4746853674203721,0.5216326117089863,-0.46351507027732175,-0.5364002362550035
1592262455.8605862,-0.0938743855575266,0.33330334671376544,0.009039891101271427,0.47260101394269627,0.5242452944855971,-0.4599659986407242,-0.5387437660426534
1592262455.8705862,-0.09361636010008405,0.331067518572837,0.00942828005938343,0.47042948950109786,0.5271706854117271,-0.45594641426528254,-0.5412005998893529
1592262455.8805861,-0.09332621885986919,0.3287328582318205,0.00985628507558056,0.46779609160718155,0.5304697606260668,-0.4514614858919303,-0.5440111627751133
1592262455.8905861,-0.09303680247194546,0.32631548079575534,0.010290608262235343,0.46486125978875675,0.5338621341151343,-0.4468869101989691,-0.5469777226262427
1592262455.9005861,-0.09279529244483575,0.32409264455788517,0.010657193159022131,0.4616944484956314,0.5371975357042293,-0.4424919476278153,-0.5499602272039588
1592262455.910586,-0.09257561645883092,0.32196920506106386,0.010976332510482831,0.45829035370429677,0.5404053743145764,-0.4383109020380583,-0.5530030549587122
1592262455.920586,-0.09234538363232755,0.31970668764957233,0.01128790630850615,0.4548150739421717,0.5435619078934544,-0.43416139096497036,-0.5560449428074297
1592262455.930586,-0.09207192370867733,0.3171664557175598,0.011593495668927565,0.4513980542293044,0.5466133430887044,-0.4299916881501241,-0.5590702884880556
1592262455.940586,-0.09177025612630349,0.3145445900825012,0.011852729672812777,0.4481895979388191,0.549490561621791,-0.4258046102655358,-0.56202761991618
1592262455.950586,-0.09143975364213931,0.31189327577426995,0.012080639507816938,0.445159911510176,0.5523235853957763,-0.4214744059410128,-0.5649155711630959
1592262455.960586,-0.09107581844187307,0.30922712330131114,0.012272735613238219,0.44235421745998205,0.5550123156505928,-0.41710036874695716,-0.5677235648874637
1592262455.970586,-0.09067067393229013,0.30656367638102316,0.012406797899601203,0.43973127911046056,0.5574792396195737,-0.41266373048867766,-0.5705795392307523
1592262455.980586,-0.09023034375041052,0.3038871642892743,0.012512743738394616,0.4372015502176014,0.5598634953056457,-0.40804640838115563,-0.5735028765742336
1592262455.990586,-0.08977899532085162,0.3011902647235313,0.012589688168734818,0.4347406391574993,0.5620761822355089,-0.40344317440464994,-0.5764590999780741
1592262456.000586,-0.08934563035918755,0.2984576719016726,0.012612307814771026,0.43208099023054014,0.5639814630124539,-0.39914619049612227,-0.5795797460911093
1592262456.010586,-0.08894829369015203,0.2956684054598816,0.012586182703501436,0.4292032596588346,0.5657780263982867,-0.39517839236374075,-0.5826780558450245
1592262456.020586,-0.08865728250383088,0.29332126195293634,0.012537934074716905,0.4261582625240869,0.5676716371080456,-0.3914235795350783,-0.5855968315523863
1592262456.030586,-0.08839468065571693,0.2909395169239567,0.01248290076742245,0.4229382921488604,0.5696649565101236,-0.3877930173782876,-0.5884055459058577
1592262456.040586,-0.0881366132741041,0.2885167648444325,0.012469440372507311,0.41969448705364676,0.5718603323213759,-0.3841618418750851,-0.5909741897320848
1592262456.050586,-0.087869223568742,0.2859690688742204,0.01250946449714307,0.4164302834925985,0.5742710458059327,-0.380369871698807,-0.5933935436120952
1592262456.060586,-0.08759530009919658,0.28332165570926865,0.012512711698614988,0.41325153339433296,0.5769021403634929,-0.37636368146126054,-0.5956133931728357
1592262456.070586,-0.08732310969186641,0.28064060940782876,0.012480597538119444,0.41020818856453617,0.5794975032251184,-0.3724795446594256,-0.5976365960205665
1592262456.080586,-0.08705481095127791,0.27795262818615096,0.012394945947861011,0.40706642818442423,0.5820564033018125,-0.3688071297226297,-0.599572217936673
1592262456.090586,-0.08681549418555344,0.27533385470767313,0.012242536554485442,0.40391771741881033,0.5845076451258227,-0.3656048567872294,-0.6012759751029515
1592262456.100586,-0.08662099868102507,0.272837305013223,0.012182709282844336,0.4007874245655096,0.5869142385228269,-0.3628733703022982,-0.6026790277290104
1592262456.110586,-0.08646030192458702,0.27034359542787284,0.012098835743503964,0.3976335693479205,0.5894322141080631,-0.3603199286910808,-0.6038422532134564
1592262456.120586,-0.08632713193327612,0.26781341816502763,0.011924392085372887,0.39434756389074,0.5921841258006862,-0.3577586691187718,-0.6048262085362344
1592262456.130586,-0.08621742970896881,0.2652564847824876,0.011724148351191373,0.39086602314492336,0.5950927235370504,-0.35510698230386045,-0.6057933709048057
1592262456.140586,-0.08611563290623361,0.2626677886181577,0.011501124497061251,0.38732184980205125,0.5981423243659554,-0.35240669754028064,-0.6066421952059884
1592262456.150586,-0.08602062835254493,0.26006606740676,0.011266963382892226,0.3838170238500823,0.6012542850888041,-0.3496898460905811,-0.6073655751708478
1592262456.1605859,-0.08593605729251638,0.25746146807516845,0.011020162064500282,0.38043058413046876,0.6043922250658872,-0.3471165022992728,-0.607857714465889
1592262456.1705859,-0.08586269709369729,0.254862603154662,0.01077686094431861,0.37708836058395595,0.6075429044403755,-0.3447577593196134,-0.6081417274035448
1592262456.1805859,-0.08580429840974389,0.25227630579608934,0.010568604443942758,0.373764307200786,0.610649992897533,-0.34260337669935936,-0.6082996349459245
1592262456.1905859,-0.08575448762455112,0.24971086605204465,0.010462586797183827,0.37050106613087624,0.6137239289865432,-0.3406030127811248,-0.6083252371652228
1592262456.2005858,-0.08570755320732759,0.24714750593299603,0.010341998850581407,0.3671986794975735,0.6167500537288466,-0.33865491593163805,-0.608355518444264
1592262456.2105858,-0.08564414508157807,0.24423650785252757,0.010081149760869226,0.36378694121687377,0.6197930483818017,-0.33646845907769507,-0.6085252653393466
1592262456.2205858,-0.08555995185690334,0.24115258924610808,0.009731547510842844,0.3604061043337639,0.622821502800434,-0.3341070272769598,-0.6087460446493516
1592262456.2305858,-0.08547853185509238,0.23821248521579175,0.00939743765371007,0.35705751875127484,0.6257753198801332,-0.3316448754970297,-0.6090368755485861
1592262456.2405858,-0.08542097786844527,0.23509478161568778,0.00917702851365022,0.35378944314499106,0.6286212904368922,-0.3292527659048719,-0.6093103416000599
1592262456.2505858,-0.08539011000545296,0.23241611371645512,0.008994873735084173,0.3506732480922968,0.6313444616117819,-0.32715030913328286,-0.6094291595914072
1592262456.2605858,-0.08537497917705365,0.22987518481016234,0.00883319494909194,0.34772762675935687,0.6338875153749806,-0.3253745181008653,-0.6094281944058446
1592262456.2705858,-0.0853606780366329,0.22707906218437882,0.008661269995644918,0.34498458896502265,0.6362658815031307,-0.32377081954638565,-0.6093629882836964
1592262456.2805858,-0.08532732980765437,0.22404904561836034,0.008477779925497217,0.3424132195110712,0.6384513362613421,-0.3221839944287692,-0.6093685926965215
1592262456.2905858,-0.08527158758515718,0.22102239300761675,0.008292562773718487,0.3399485093042779,0.6404399569752102,-0.320508418322136,-0.6095447505946924
1592262456.3005857,-0.08519874858349576,0.21801364778809865,0.008113790213134625,0.3376766176344321,0.6422672497196829,-0.31883693245128675,-0.6097626993261086
1592262456.3105857,-0.08511126422511006,0.21503879934587541,0.007947026859963105,0.3357341493522741,0.6439265242075942,-0.31731795667203855,-0.6098775929755482
1592262456.3205857,-0.08501056560999558,0.212136541339824,0.007809738934460204,0.334096350773019,0.6454624667950859,-0.3160004386135436,-0.6098376385116329
1592262456.3305857,-0.08489949365821534,0.20932002377704775,0.007701094677278154,0.33279580978094725,0.6467834767822638,-0.3149341840757857,-0.6096993771656821
1592262456.3405857,-0.08475116221759785,0.20647891608033886,0.0075689945260087165,0.33174327652527424,0.647905315569409,-0.31403117650919254,-0.6095478631782084
1592262456.3505857,-0.08458704005622786,0.203661569162193,0.007448775856345005,0.33078399082497895,0.6488711588309577,-0.31314469151310553,-0.6094990166284374
1592262456.3605857,-0.08439999509102906,0.20085713839586272,0.007329035896151599,0.32988868111582387,0.6496614853541255,-0.31222278154500444,-0.6096143177038722
1592262456.3705857,-0.08418959934000267,0.1980612253380202,0.0072083373805298225,0.3290532190338798,0.6503522180929616,-0.3113257897594118,-0.6097887775103926
1592262456.3805857,-0.08396211689481796,0.1952759283078273,0.007096267753621203,0.32822661189112307,0.6509301062508653,-0.3104439829196517,-0.6100675531254327
1592262456.3905857,-0.08371442834700717,0.19250857117494158,0.0069849722138562555,0.32749033911054104,0.6514315540099304,-0.3094997098694163,-0.6104079803877129
1592262456.4005857,-0.08345410098309887,0.18976001946554807,0.006863988181639718,0.3267184437984751,0.652040716414344,-0.30857357869408236,-0.6106392960499779
1592262456.4105856,-0.08319103695739394,0.1870135312733429,0.006738659243345521,0.3258785664458079,0.6526436782798768,-0.3075888111714926,-0.6109402805327293
1592262456.4205856,-0.08292352290123764,0.18426116754311317,0.006606512012458366,0.3249773770385412,0.6532724153076392,-0.3064794712981765,-0.6113058760113511
1592262456.4305856,-0.08264978631253134,0.18150339023166415,0.006470166696372136,0.3241522428453706,0.6538877032666379,-0.3053697903813828,-0.6116415661733197
1592262456.4405856,-0.08240690816665659,0.17871338119488664,0.006330824644240023,0.3233798656752234,0.6544763380202202,-0.30428922675141706,-0.6119591713197623
1592262456.4505856,-0.08217174945658519,0.1759137423391357,0.006200725565628153,0.32269125934813314,0.6551010113109539,-0.3032972712997668,-0.6121468939729288
1592262456.4605856,-0.08196041189951281,0.17326316038398915,0.006085472479420646,0.3220733570555805,0.6556834671399386,-0.30251779022404246,-0.6122339324876347
1592262456.4705856,-0.08179952826227511,0.17097332367771728,0.005994772018709808,0.32139190222378333,0.6563104722718355,-0.30208481749081356,-0.6121338219949122
1592262456.4805856,-0.08167031318965727,0.1687147160933579,0.005924142538731526,0.32059182651898765,0.6569479139184565,-0.3020313380769722,-0.6118966946200934
1592262456.4905856,-0.08156820530441897,0.16647488761182075,0.005864844208389833,0.31978879758811585,0.6576051206487659,-0.3023145603243829,-0.6114708507662537
1592262456.5005856,-0.08148015399504913,0.16424432768596844,0.005812573682625519,0.3189949811678283,0.6582610055894246,-0.30276267701432324,-0.6109580076533226
1592262456.5105855,-0.0813902172732638,0.16201758181443324,0.005763921907363416,0.31827695423495034,0.6588620788426797,-0.3031629007671097,-0.6104859507718637
1592262456.5205855,-0.08129386399872805,0.15979022380899496,0.005712137978086642,0.31767492642732065,0.6593724026980183,-0.3034638524156411,-0.6100989660433788
1592262456.5305855,-0.08116774605978529,0.15730152583490822,0.005656341265361025,0.317125568650231,0.659792477916218,-0.30358547924431206,-0.6098695811592623
1592262456.5405855,-0.08099411472313725,0.15457994357032895,0.0056125089978405545,0.31661103215184455,0.6601496632872633,-0.3035918565094516,-0.6097474553374652
1592262456.5505855,-0.08083505125752154,0.15193915663967794,0.0055723213251333975,0.3161559929399147,0.6603984160069476,-0.3035808249538097,-0.6097194350092381
1592262456.5605855,-0.0807117852866422,0.14968220951911893,0.005545780123427451,0.3157732881710825,0.6605480875241463,-0.3036843051709373,-0.6097044113122789
1592262456.5705855,-0.08060735859927974,0.1474753443919774,0.005529942297282677,0.31541480542117145,0.6606871239578487,-0.30395192610510474,-0.6096065679369098
1592262456.5805855,-0.08052532460779739,0.14527487508980105,0.005520428684828484,0.31505399392267885,0.6608163002003079,-0.3043978863978139,-0.6094299087267129
1592262456.5905855,-0.0804641994963793,0.14307572568561217,0.0055123441302325354,0.31469372272063617,0.6609544426492059,-0.30494974080767007,-0.6091900133650802
1592262456.6005855,-0.0804172570724828,0.14087016748389766,0.005507200278550347,0.3142897441290979,0.6610347704774114,-0.3055865332386111,-0.6089930908387341
1592262456.6105855,-0.08037436672186715,0.13865299302244014,0.005504121465736164,0.3138777035144576,0.6610550901171486,-0.3062079409948712,-0.6088709061494091
1592262456.6205854,-0.08031902167464497,0.13632638539859718,0.005501162948557194,0.3135117434661381,0.6610014378354978,-0.30671859735123674,-0.6088598726538998
1592262456.6305854,-0.08022679607944677,0.13359143028397816,0.005494495007640692,0.31319963947809937,0.6608842073383961,-0.3070997264592904,-0.6089560944962029
1592262456.6405854,-0.08008787094255221,0.1308464172329359,0.0055045368118995,0.3128978009440701,0.6606785360148754,-0.30745629514661804,-0.6091550302174233
1592262456.6505854,-0.07991043657771679,0.12809828196046277,0.005534094379047775,0.3125961008009908,0.6602473230426391,-0.30780091679828864,-0.609603236157496
1592262456.6605854,-0.07970656315270479,0.12536421381881171,0.0055673059175698186,0.31232314877857265,0.659656771161393,-0.3081270037081513,-0.6102166607758039
1592262456.6705854,-0.07948856404514958,0.12263593318661617,0.005613051761585016,0.3120804536670357,0.6588769201856558,-0.30848899913027894,-0.611000068412295
1592262456.6805854,-0.07926745269752668,0.11991161275494193,0.005659690747379261,0.3119464865343316,0.6579884743952272,-0.30899802693133677,-0.6117696386363758
1592262456.6905854,-0.07904009401805331,0.11717400627877723,0.0057120583625810345,0.3118084776527334,0.6570402739433159,-0.30951241349963643,-0.6125970428702928
1592262456.7005854,-0.07879988582682594,0.11441402117915471,0.005763820585573584,0.31158632833274197,0.6562613960239579,-0.3100927749115347,-0.6132505969629987
1592262456.7105854,-0.07854264227011876,0.11162377176373406,0.0058200562631687165,0.3113366731571022,0.6555111344005679,-0.3106723253164776,-0.6138872268056822
1592262456.7205853,-0.07824932024580762,0.10881142249669758,0.005880663632157706,0.31116399220839286,0.6547988034471447,-0.31122390528887417,-0.614455054871752
1592262456.7305853,-0.0779096982189643,0.10598651460559971,0.0059446620766427415,0.31104262382545805,0.6540149508945677,-0.31172954007687004,-0.6150946154098513
1592262456.7405853,-0.07753131917255478,0.10313120237119691,0.006023447012098651,0.31096525763201716,0.6532110020702363,-0.3121731606585502,-0.6157634467483997
1592262456.7505853,-0.07713505499880123,0.10027131637324782,0.0061030631796247315,0.3108648780715054,0.6524333903575269,-0.31266547402811157,-0.6163880012443069
1592262456.7605853,-0.0767412523737373,0.09739597386914925,0.006187557717304823,0.31065724056790117,0.651627123591919,-0.313226217448036,-0.6170604731072953
1592262456.7705853,-0.07635954811432383,0.09450187064936384,0.006265045860887894,0.31037679323000567,0.6508930858688873,-0.3137973806546537,-0.6176857014498779
1592262456.7805853,-0.07599180541393535,0.09158163907692622,0.00633728268125279,0.30997372558435426,0.650281805556912,-0.3144714116234686,-0.6181886572744687
1592262456.7905853,-0.07563455506268718,0.0886323036251126,0.006404164645192619,0.30941214351508867,0.6497854583910287,-0.31516903785536887,-0.618636481152152
1592262456.8005853,-0.07527582448294497,0.0856606470540042,0.006472605991974444,0.30879345277389736,0.6493939126735738,-0.3158694324147951,-0.618999727041395
1592262456.8105853,-0.07490381983097252,0.08267632335602577,0.006545894020149416,0.3081741223177239,0.6490606895542461,-0.3166237558679226,-0.6192726618878027
1592262456.8205853,-0.07450619818325986,0.07968712658002938,0.006622054838217271,0.30757769774501253,0.6487623226237192,-0.3173875088504953,-0.6194905740785268
1592262456.8305852,-0.07407655250849461,0.07669351638422446,0.006697918664912083,0.3069440016324053,0.6484014739491052,-0.31811064032107383,-0.6198113376411533
1592262456.8405852,-0.0736412857473998,0.0736930390119955,0.0067645262897816985,0.30639896035457326,0.6479095457662651,-0.3187866455274763,-0.6202484439985559
1592262456.8505852,-0.07323532707398644,0.07068095902517602,0.006827787610936016,0.3058823841273282,0.6473727791203668,-0.3194442524338665,-0.6207250391602306
1592262456.8605852,-0.07282427142861189,0.06764832580234768,0.006893061208150109,0.3053328616720802,0.6468349613249605,-0.32005170054948584,-0.6212430778419522
1592262456.8705852,-0.07243047011107527,0.06475854094807328,0.006947539995798315,0.30470605695528474,0.646394096438449,-0.3204687281567733,-0.6217946731414682
1592262456.8805852,-0.07203609767868263,0.06188076616035274,0.006990129234764862,0.3040556470612621,0.6460870143359176,-0.32069379189298197,-0.6223159831914193
1592262456.8905852,-0.07162648173389852,0.05893615774648226,0.007026415218632943,0.3034316879307363,0.6459076973173087,-0.32078239127413605,-0.6227607711340227
1592262456.9005852,-0.07119905828107292,0.05593445155568027,0.007061533773497869,0.3027881530623108,0.6458497887623259,-0.32077631460387646,-0.6231373752975166
1592262456.9105852,-0.07075975622167273,0.05291968312617327,0.007092387691888407,0.30207354524457963,0.6457944903827322,-0.32073324198561015,-0.6235630833496548
1592262456.9205852,-0.0703083215575822,0.049899259757207916,0.007117326811336001,0.3013014868878344,0.6456683985599064,-0.32071388694104946,-0.6240763848341242
1592262456.9305851,-0.06985031779504797,0.04689953670347999,0.007147283861264515,0.3005503760490706,0.6454223343370964,-0.3207764501826296,-0.6246614020632949
1592262456.9405851,-0.06933315104308768,0.043781615967842996,0.0071885239025469595,0.29983642878384076,0.6450532391176578,-0.3209109652235243,-0.6253160331720422
1592262456.9505851,-0.06879448000370465,0.0406302248076948,0.007244961163075955,0.299246188196931,0.6446292327726959,-0.3211461670454757,-0.6259150896061008
1592262456.960585,-0.06826023332050041,0.037492332048196624,0.007313929720179165,0.29871154338938766,0.6441824837818649,-0.32148212665220727,-0.6264580776849483
1592262456.970585,-0.06777336122958649,0.034611040173940226,0.007382231828991294,0.2981768318383173,0.643690445638885,-0.3218370840808414,-0.627036131339234
1592262456.980585,-0.06729745004498337,0.031778196357699684,0.007446602123170693,0.2976053479991097,0.6431604074930084,-0.32216035045123337,-0.6276848777561231
1592262456.990585,-0.06678289399840259,0.02876351739223077,0.007516136078926534,0.29707616210396626,0.642530730810233,-0.3224352136340437,-0.628438581320762
1592262457.000585,-0.06626080019798755,0.025766972165539637,0.007591168514115709,0.29664966185423136,0.6418118388156726,-0.3226932014498437,-0.6292427295322899
1592262457.010585,-0.06576369170225246,0.02292457935748651,0.007662804314413332,0.2962617633269806,0.6410588676785103,-0.32288686226207836,-0.6300918993207053
1592262457.020585,-0.06528699598190287,0.020156967730541434,0.007724161807545107,0.2958657461686819,0.6403553863797863,-0.32293832528164046,-0.6309672439865983
1592262457.030585,-0.06483380460939035,0.017455204125322425,0.007774102846158049,0.295431932249689,0.6397135663856781,-0.32287164408322966,-0.6318546077514964
1592262457.040585,-0.06438425090370935,0.014790674821850395,0.007816694973213266,0.29488741912699007,0.6391780950187537,-0.3226651937270361,-0.6327561123918787
1592262457.050585,-0.06391263826035683,0.012026483032061889,0.00785430010356454,0.2943302720454103,0.6387119212485292,-0.32246743686923796,-0.6335868115866512
1592262457.060585,-0.06342972248628251,0.00916550770671719,0.007896960298674687,0.29368152021168686,0.6382399065853398,-0.3224074877260021,-0.6343928630016005
1592262457.070585,-0.0629614634966317,0.006354128634002072,0.00794485999360854,0.2929462097853973,0.6377522287786003,-0.3225420706251397,-0.6351547471879888
1592262457.080585,-0.062489776385578545,0.0034949833639201433,0.007995309445038202,0.2921012065738297,0.6372500036521276,-0.32287097447896074,-0.635880563780671
1592262457.090585,-0.06202007993621881,0.0006363852382256053,0.008044740147121872,0.291167236573012,0.6367064977628335,-0.3233911398827419,-0.6365887090407055
1592262457.100585,-0.061554984581197514,-0.0022062907598650325,0.008102603476608924,0.29021195198178124,0.6361057833933272,-0.32394885706790166,-0.6373409356842149
1592262457.110585,-0.06109184579153789,-0.005060930313980681,0.008159068447724325,0.28930105389582933,0.6354677550885273,-0.32440455803458607,-0.6381592001393066
1592262457.120585,-0.0606375528445719,-0.007889763538114712,0.008211227676135833,0.288506978444226,0.6348300304515406,-0.3246820510188961,-0.6390114945636981
1592262457.130585,-0.06020015996398931,-0.010670243437528681,0.0082658306736066,0.2878972321868274,0.6343126195578132,-0.32484360743241497,-0.6397176199507533
1592262457.140585,-0.05982990930790469,-0.013347246914638674,0.008299905569845592,0.287327874640666,0.6339002268535613,-0.32485447832645437,-0.6403768438309443
1592262457.150585,-0.05946725352835827,-0.016028347382606323,0.008326209396739306,0.2868269175663415,0.6336423963281796,-0.3247439236860421,-0.640912413967139
1592262457.160585,-0.05910426797162516,-0.018716677796764395,0.008354721080040673,0.28630066963393314,0.6335014941210078,-0.32462588042081236,-0.6413467843575938
1592262457.170585,-0.05870440163614695,-0.02163372564257068,0.008386958538300576,0.285755302051107,0.6333771682961085,-0.32462591016190384,-0.6417127199073442
1592262457.180585,-0.05829084559056959,-0.02462113721199835,0.008425334295044544,0.2851861431369173,0.6332132404603079,-0.3247800267149719,-0.6420501183164643
1592262457.190585,-0.05790505080266267,-0.0274437208683972,0.008474896807010225,0.28460962242948723,0.6329977098129007,-0.32508418974588227,-0.642364154984642
1592262457.200585,-0.05755693664028883,-0.030104699738788106,0.008537262598633117,0.2840916127102687,0.632686318467431,-0.32560859770936323,-0.6426346461585493
1592262457.2105849,-0.057234790916052165,-0.03273811385645857,0.008608800541250709,0.28359311342976085,0.6322634280143092,-0.32629731937089196,-0.6429216434775842
1592262457.2205849,-0.05694151670527674,-0.035362528860910014,0.008693100189719888,0.2832264980199875,0.6317581502738236,-0.3271730068400431,-0.6431345009000057
1592262457.2305849,-0.05666755918845444,-0.03799007279462207,0.008791037491774106,0.28298778622487114,0.6312314061801977,-0.3281514022811816,-0.6432587853584232
1592262457.2405849,-0.0564180236454395,-0.040644266479177835,0.008869041025458869,0.28283819834767393,0.6307056140876456,-0.3289827535004744,-0.6434148864526466
1592262457.2505848,-0.05617296442356916,-0.04333093274053808,0.008934781586918586,0.2827293579791007,0.6302037182996835,-0.32958625306198847,-0.6436460549351741
1592262457.2605848,-0.05592149367099913,-0.04609905499078322,0.009000056275056453,0.2826737345304757,0.629737099065134,-0.33004890317950786,-0.643889814365708
1592262457.2705848,-0.055667079749967416,-0.048996255666348756,0.009067426400921065,0.28266277623136155,0.6293214007501226,-0.3305006519264847,-0.6440691976442189
1592262457.2805848,-0.05543272011609662,-0.05179577024733492,0.009131242584501991,0.2826529033780286,0.6288935066713743,-0.33100657266995653,-0.6442325223900249
1592262457.2905848,-0.05523065759166943,-0.05450637298150465,0.009191881979344603,0.28262900520947376,0.6284293152570473,-0.33158006306818655,-0.6444007081855846
1592262457.3005848,-0.055064142579500965,-0.05720511755998663,0.00925524319418552,0.28245655944621045,0.6279177684540236,-0.3322101364283136,-0.6446500713429048
1592262457.3105848,-0.05493549384297741,-0.05988922219665086,0.00931494361583489,0.28215373801153737,0.6273597211663501,-0.3328673986542114,-0.6449871505904947
1592262457.3205848,-0.054839719458617216,-0.06255614408266377,0.009364744137629883,0.28183662296159184,0.6267963853657144,-0.33351566371095914,-0.6453384536412041
1592262457.3305848,-0.054762369582574175,-0.06521535858375915,0.009416448837282706,0.2815501976514139,0.6262690323049009,-0.33414577847105054,-0.6456488913423667
1592262457.3405848,-0.054710335109426377,-0.06788197738270815,0.009467663606767667,0.2813984657449601,0.6257423150365158,-0.33481991785067655,-0.6458771780948215
1592262457.3505847,-0.054666457050144314,-0.07055296864268469,0.009518113012171259,0.28126310769540114,0.6252717538678079,-0.33546448458462214,-0.6460572230705643
1592262457.3605847,-0.054611083223462295,-0.073474031635819,0.009578013725326379,0.281233,0.6248255251319018,-0.3361693305165337,-0.6461356863690644
1592262457.3705847,-0.05454228880617379,-0.07659278219781232,0.009648070202377016,0.2812721148639142,0.6244420558269502,-0.3368828336356989,-0.6461176400558328
1592262457.3805847,-0.054461947055830184,-0.07969051166070173,0.009729249577171806,0.2814817821365876,0.6241268266605092,-0.3376546940758792,-0.6459279570016506
1592262457.3905847,-0.05438128184825309,-0.08267317601701311,0.009814644089759812,0.28175189245779275,0.623850254644271,-0.33844462685437543,-0.6456646563906058
1592262457.4005847,-0.054303032353055454,-0.08558218571137188,0.009900951486584174,0.28212606301272863,0.6236547798088913,-0.3391761267013472,-0.645305781160671
1592262457.4105847,-0.05423241026306748,-0.08842026120494517,0.009993214282777914,0.282615224656151,0.6235192199369086,-0.33992216307886386,-0.6448298873690855
1592262457.4205847,-0.05416251329177779,-0.09130457388370672,0.010094003665796386,0.28323892586843774,0.6233963142314359,-0.34070783505211266,-0.6442589271710766
1592262457.4305847,-0.054095435875404246,-0.09414550451964779,0.010204006018996499,0.2839239830836885,0.6232215370825306,-0.3416023088737033,-0.6436537940841978
1592262457.4405847,-0.05401168051798059,-0.09733753427859228,0.010311466400863573,0.28459846306619613,0.6230194911527663,-0.34260814725346433,-0.6430172512940321
1592262457.4505847,-0.053918767227439435,-0.10051445263854811,0.010419833131900997,0.2852239963477342,0.6226684368484761,-0.3437402093113207,-0.6424754224168844
1592262457.4605846,-0.05379999587860911,-0.10366964022068098,0.010522226637137479,0.2858306966372202,0.6222479356291001,-0.34484458257291395,-0.6420207626255275
1592262457.4705846,-0.05364237467985614,-0.10680975168323864,0.010618103828112353,0.28643209210450754,0.6216576999846349,-0.34583618135250194,-0.6417908711977179
1592262457.4805846,-0.05344797856027861,-0.10993862613760988,0.01070390904178333,0.28707032160609364,0.6210242388359342,-0.34661107983798223,-0.6417015534505911
1592262457.4905846,-0.053221606654297024,-0.11305709545226295,0.01078516701495143,0.28783164389596255,0.6203591067827119,-0.3472462892267461,-0.6416600130884941
1592262457.5005846,-0.052974618552903266,-0.11616491575672577,0.010860530342384472,0.2887014335369201,0.6197747781975302,-0.347739619233389,-0.6415667955561845
1592262457.5105846,-0.05271945578612351,-0.11926184462172283,0.010938179985320528,0.28971134020410977,0.6192168779885971,-0.3482320258300986,-0.6413826962435919
1592262457.5205846,-0.0524630367654374,-0.12234703555475551,0.011028931408077081,0.2908171042849725,0.6186805144834321,-0.3488360989805802,-0.6410711279474444
1592262457.5305846,-0.05221844238650417,-0.1252444616365071,0.011131129954094385,0.29199003632614856,0.6181465047747706,-0.34962529681760757,-0.6406236626620242
1592262457.5405846,-0.051984967765690955,-0.12798859374986318,0.011253093977029007,0.29315571936832086,0.6175563765588349,-0.35051941871625625,-0.6401717906418719
1592262457.5505846,-0.051748074687038556,-0.13076205762080578,0.01138448073074976,0.2944368379148273,0.6169358636534175,-0.3515042985299832,-0.6396420927999893
1592262457.5605845,-0.05149129327357336,-0.1336635703795952,0.011527263470356397,0.29584113289053915,0.6162366146043298,-0.3524912955910219,-0.6391243352956751
1592262457.5705845,-0.051208215676829864,-0.13666817970813888,0.011668716714017324,0.29734379770117264,0.6154257260236251,-0.35337689329675254,-0.6387193463503112
1592262457.5805845,-0.050903876420743975,-0.13967598695588204,0.011811260547940152,0.29888818203730444,0.6145633797918575,-0.35411533479375085,-0.6384194038517595
1592262457.5905845,-0.05058149986028064,-0.14267625504244819,0.011951375426084652,0.3004551986676456,0.613646829934363,-0.35482055757205255,-0.6381740752410797
1592262457.6005845,-0.05024336841071715,-0.1456690725023277,0.012086534853683517,0.3019917514926399,0.6127455142944875,-0.3555707887214987,-0.637897345742953
1592262457.6105845,-0.049883715461469365,-0.1486641165127468,0.012223364050521332,0.30337606368261527,0.6118668949490099,-0.35630987392889013,-0.637671486540962
1592262457.6205845,-0.04951142492589291,-0.15162903757914512,0.012350649093195037,0.30463524888111776,0.61105382884878,-0.3569981704239951,-0.6374659536529512
1592262457.6305845,-0.049163329479449715,-0.15438195239859703,0.012456300945347708,0.30573625824343986,0.6102757311773243,-0.3576554156803262,-0.6373160616057382
1592262457.6405845,-0.04886544928762723,-0.15690582186388038,0.01253385119635074,0.30675614732928247,0.6095601484409793,-0.35832259857970694,-0.6371355753010455
1592262457.6505845,-0.048591595622463186,-0.15935529141433571,0.012604667225104447,0.3076540158467964,0.6088839899126167,-0.35905515973120444,-0.6369365827284885
1592262457.6605844,-0.048324395981337046,-0.16180342459605962,0.012673108803145447,0.3083960816276454,0.6082893051691417,-0.3598915232718408,-0.6366741270223094
1592262457.6705844,-0.04804015623712365,-0.16440189213276665,0.01274069221408386,0.3090687278812788,0.6078206077533557,-0.3608641187471424,-0.6362449592669686
1592262457.6805844,-0.047717900980966774,-0.16727315695845468,0.012815995288451863,0.30963223334013407,0.6073201742373118,-0.3619564212250094,-0.6358287318124035
1592262457.6905844,-0.04736556740010452,-0.17025284160986787,0.012892068910864835,0.3101496362382244,0.6069119867084816,-0.362986350344787,-0.6353782981818344
1592262457.7005844,-0.047003256284972164,-0.1731927079020943,0.012963229185976822,0.31065071468179656,0.6065081420527499,-0.3639307881335787,-0.6349784659158999
1592262457.7105844,-0.04662290744249796,-0.17615108928041165,0.013030788963096111,0.3112077602470001,0.6061080299049212,-0.36470387419387884,-0.6346445996393151
1592262457.7205844,-0.04623150719812876,-0.17906737950716026,0.013095671239866295,0.3119368165669667,0.6056950040368703,-0.36532137170993184,-0.6343253797836722
1592262457.7305844,-0.04585851248681272,-0.18182921077800493,0.013151486272146079,0.31274035963601676,0.6053386087452324,-0.3657100286406512,-0.6340458508405447
1592262457.7405844,-0.045526729684871106,-0.18428997959369733,0.013214502169317964,0.3136717274309349,0.6049999342439264,-0.3661115306564091,-0.6336774035875172
1592262457.7505844,-0.04521627300865177,-0.18670062733190287,0.013287509107899118,0.3146806703893183,0.6048844591576228,-0.36668591495043346,-0.6329554755757588
1592262457.7605844,-0.04493449484619737,-0.18911091830926705,0.013363614064354741,0.3154359830162368,0.6048314063707265,-0.3675323756833292,-0.6321392569429525
1592262457.7705843,-0.04467839055298157,-0.19151850744211246,0.013429959691543545,0.31601190075682273,0.6049009835025765,-0.36861638202709995,-0.631152750728196
1592262457.7805843,-0.044436270452655316,-0.19392688045476592,0.013500070050637247,0.31622511137709236,0.6050093921167642,-0.3697306682625544,-0.6302891855768123
1592262457.7905843,-0.044197375009220934,-0.1963292208063562,0.013562305406904143,0.3164346585183377,0.6051407939821376,-0.37075461149605066,-0.6294561881304119
1592262457.8005843,-0.04395648253786552,-0.1987161164804176,0.013622320742992083,0.31672154900187843,0.6052745242115317,-0.3714906907981788,-0.628748867125983
1592262457.8105843,-0.04370482158106894,-0.20111818802857398,0.013681615013498065,0.3174239115229721,0.6053770418664882,-0.37210976689563374,-0.6279296717304326
1592262457.8205843,-0.04341503123442509,-0.20379666564122953,0.01375993001119387,0.3184535864120531,0.6054923494242482,-0.3727892317367038,-0.6268935444032441
1592262457.8305843,-0.043129584203830014,-0.20638684644671965,0.013852555723405525,0.31953880160552045,0.6056036752155893,-0.37357332174855407,-0.6257649584659963
1592262457.8405843,-0.04288003794388311,-0.20877929250513436,0.013936008456867977,0.3205091297902056,0.6056255558667493,-0.3745897072886559,-0.6246399330784034
1592262457.8505843,-0.042662529971691024,-0.2110037847449561,0.014003868033077484,0.32137721894859794,0.6055100342728689,-0.3758320960195409,-0.6235586000573494
1592262457.8605843,-0.04243458925373999,-0.2131959066958773,0.014076488482313836,0.32217341101466157,0.6052419055270208,-0.37719834370321503,-0.6225811550729711
1592262457.8705842,-0.04213597891363409,-0.21578761332022323,0.014168087149490895,0.32299009039595394,0.6047579113890199,-0.37863473288054905,-0.621756533381228
1592262457.8805842,-0.04179011421623803,-0.21839031792827962,0.014256212511641227,0.32392757196964916,0.6040591655613171,-0.37989232827808067,-0.6211804532640768
1592262457.8905842,-0.0414013922672344,-0.2209564103154666,0.0143491150622775,0.32523343622882644,0.6031904090268888,-0.38089904541971475,-0.6207257500668408
1592262457.9005842,-0.04097838637828117,-0.2234712494005404,0.014445029971518022,0.3269764500497144,0.6021866516253648,-0.38176632295586543,-0.6202512460097337
1592262457.9105842,-0.04054058428756198,-0.22594653984140078,0.014544137223214822,0.3290338325614822,0.6010552433488712,-0.3826494059497463,-0.6197162878170662
1592262457.9205842,-0.040096964827742214,-0.22837055647736054,0.014653902669528861,0.3313961302412676,0.5998868343857321,-0.3837498609802771,-0.6189085632036844
1592262457.9305842,-0.03965466524787407,-0.2307665834156211,0.014773584264521238,0.33376088316970454,0.5986767086474707,-0.38502124986439823,-0.618019326322977
1592262457.9405842,-0.03922460129942541,-0.23316005561592298,0.0148852466875216,0.3360874442582999,0.5974734617085136,-0.3864227018232524,-0.6170475682766913
1592262457.9505842,-0.03880235265295725,-0.2355490324298485,0.014998634672580745,0.33842460212960174,0.5962691060707972,-0.3879450166040527,-0.6159787658949479
1592262457.9605842,-0.03838760613473215,-0.23791622889685257,0.015121108578242221,0.34098963704614477,0.5951195564555661,-0.3896490702347953,-0.6145989543844096
1592262457.9705842,-0.037985084500315625,-0.24023565716253908,0.015245042217474305,0.3437884587665713,0.5938803932977041,-0.391523138718907,-0.6130456493121463
1592262457.9805841,-0.03761169371218504,-0.24242429215642272,0.015356904725270855,0.346831449955261,0.5924661704140913,-0.39358288138339137,-0.6113781051605816
1592262457.9905841,-0.037310796123838516,-0.24424964085193704,0.015448441298268039,0.34991036526395203,0.5908674474682277,-0.3956876065168605,-0.6098104187464715
1592262458.0005841,-0.03703927728321933,-0.24600070141949476,0.015533161728333474,0.3529319148875881,0.5890942930202359,-0.39791273641572195,-0.6083349761833654
1592262458.010584,-0.03678397361579152,-0.24772935270267069,0.015605481047475559,0.35577489054051126,0.5872471588760271,-0.4001011601962797,-0.6070277534226213
1592262458.020584,-0.03654129837865494,-0.24945143788400703,0.015666449962539332,0.358618071578015,0.5853370306360414,-0.40239122951957895,-0.6056847917690064
1592262458.030584,-0.03629420116233363,-0.25117023071658007,0.015720656213591526,0.36130977722551055,0.5834774124960201,-0.4046480215032146,-0.6043745591410202
1592262458.040584,-0.03601239439182445,-0.2528626356096014,0.01576870592012375,0.36400051807118156,0.5816233355228444,-0.40689467669596113,-0.6030371314718784
1592262458.050584,-0.0356970324331515,-0.25471019637201875,0.01581566311178203,0.36694458813423075,0.5797435768229876,-0.4092153998877323,-0.6014905286285356
1592262458.060584,-0.03535269963963979,-0.256547862198365,0.015757562954211553,0.37025887997357504,0.5777778088105938,-0.41166958981461066,-0.5996731743838121
1592262458.070584,-0.03501769776412216,-0.2582539895340614,0.015628542811456377,0.3736752401448476,0.5756721164437074,-0.4143157907643487,-0.5977535864098891
1592262458.080584,-0.03471860494521637,-0.2598461457741145,0.015453589507282943,0.37692503135089317,0.5735278307269351,-0.4170632493256999,-0.5958619968888791
1592262458.090584,-0.03444415325553539,-0.26151282872863596,0.015404059881784156,0.37997838524332184,0.5714783791499712,-0.41978470997812944,-0.5939773114144346
1592262458.100584,-0.034184141002210365,-0.2632261361443723,0.015399276349121626,0.3827201115908577,0.5694236596180701,-0.42238812804632886,-0.5923424341180922
1592262458.110584,-0.0338662763630861,-0.2652733775469593,0.015382243251600541,0.38553581097688444,0.5673512591176444,-0.42480053949575947,-0.5907784321659327
1592262458.120584,-0.03352148827007599,-0.26738430746427505,0.01534535917077217,0.3886018236603559,0.5653741608492838,-0.4268656008898416,-0.5891737073002593
1592262458.130584,-0.03315385171475439,-0.2694965580097409,0.01530844278924088,0.39181713403681934,0.5633307651786637,-0.428626778730234,-0.5877216610271415
1592262458.140584,-0.03277459487496347,-0.27161009684778314,0.015266139985296355,0.395455404052202,0.5612056540879656,-0.43021115257579506,-0.586158298718063
1592262458.150584,-0.032397325669950315,-0.27360375906219525,0.01510671313727345,0.39943615180851894,0.5590719203525168,-0.43171305691086487,-0.584390929918533
1592262458.160584,-0.03202740539779771,-0.2754578696977894,0.014834352302016535,0.4037854586692227,0.5568505760059477,-0.43328498900945905,-0.5823562782763405
1592262458.170584,-0.03166108466435034,-0.2774298470340269,0.014656263576673477,0.4077679244842743,0.5548243369465208,-0.43461606611630044,-0.5805204184539938
1592262458.180584,-0.03129222448341869,-0.27952684079759754,0.0145593012145331,0.4112692495482542,0.552567741410253,-0.43609056962040627,-0.5790944358045742
1592262458.190584,-0.030910172473994663,-0.28160002071105306,0.014440373968776574,0.41483183308995086,0.5500967921622569,-0.4377393277217813,-0.5776604585970598
1592262458.200584,-0.030517431472323612,-0.28364302805498937,0.014303003461419621,0.4184526004577214,0.5477384879890107,-0.4394023920532595,-0.5760248318044721
1592262458.210584,-0.030119005526888405,-0.2856722109668334,0.014157342348791723,0.4216849870340168,0.545267336050388,-0.44114831754816675,-0.5746764041080025
1592262458.220584,-0.02972746727520003,-0.28771350594538747,0.014014986691031945,0.4242931918676963,0.5428122144809395,-0.4427700620458597,-0.573832857309307
1592262458.230584,-0.02937840409386052,-0.28961416362121695,0.013888326317918389,0.42657235103889624,0.5404290892859995,-0.4442613652965524,-0.5732401684926379
1592262458.240584,-0.029091671520747823,-0.29128707889096034,0.013769556301108554,0.428778115932867,0.538354923185962,-0.44550246029515433,-0.5725824936336029
1592262458.250584,-0.028835177874603848,-0.29297386223733757,0.013667244642550754,0.4307597644800815,0.5366024466407451,-0.4465494345326686,-0.5719243246855931
1592262458.2605839,-0.02859976920139733,-0.2946725620159751,0.013558784785025719,0.4327819118797384,0.5350628095501737,-0.4475878714972755,-0.5710278687504606
1592262458.2705839,-0.02838815237879888,-0.29635928135519096,0.013429327873777748,0.4350101823008098,0.5334844453869548,-0.4489015564549238,-0.5697786260174366
1592262458.2805839,-0.02820193801241032,-0.2980272149929374,0.013288732766270775,0.4372640285965807,0.5319470710765262,-0.450454186843917,-0.5682632070591942
1592262458.2905838,-0.02804589177766926,-0.2997011452115906,0.01313878994957531,0.43907032085020464,0.5305268062003763,-0.4521947253075899,-0.566814126485355
1592262458.3005838,-0.027911484008391642,-0.30139651057193295,0.012998902269893973,0.44027452034982895,0.5291048805002403,-0.4539708534997032,-0.5657884711876466
1592262458.3105838,-0.027784638480509057,-0.3031217985603938,0.0128747900264966,0.44115680011124,0.5278951295101769,-0.45549999420915566,-0.5650012353007764
1592262458.3205838,-0.02766118481369659,-0.30485673630738436,0.012761290099151919,0.4421573583831581,0.5268548447660888,-0.45684731796953415,-0.5641019549235511
1592262458.3305838,-0.027538402256877856,-0.30658054368842835,0.012650375815732537,0.44351259553088823,0.525929762069789,-0.4580068273303803,-0.5629596529712773
1592262458.3405838,-0.02741725013184099,-0.30829897628799013,0.012550715514960842,0.44485094953352994,0.5249938771538907,-0.45903446629867906,-0.5619395640590302
1592262458.3505838,-0.027300014081604953,-0.31002088908921926,0.012462302554638847,0.44588875748722906,0.5240569802271872,-0.4600275042159017,-0.561178378598766
1592262458.3605838,-0.027185656941745448,-0.3117350311612284,0.012379495705838102,0.4467829435821486,0.5231212035303027,-0.4610309616321936,-0.5605167563243922
1592262458.3705838,-0.02705930632443932,-0.3134277616168678,0.012297604837064834,0.44779496171277067,0.5220791222639984,-0.46195664806450465,-0.5599190201820132
1592262458.3805838,-0.026919065680191055,-0.3151055175368352,0.012210616039177667,0.4489039055746538,0.5209470018701359,-0.4628294863452598,-0.5593645862325021
1592262458.3905838,-0.026771179862802683,-0.31676917745507893,0.012117836724529598,0.45004099336844805,0.5196713403786767,-0.4638269943158126,-0.5588106701730045
1592262458.4005837,-0.02661512292388647,-0.3184202055906555,0.012013443389423993,0.45122624538123207,0.5184934406030525,-0.46479698356342614,-0.5581426177532143
1592262458.4105837,-0.026451174077387216,-0.3200618716199777,0.011918507002420503,0.4523712310248617,0.5173844637193973,-0.46567889027187265,-0.557509371739894
1592262458.4205837,-0.026281993003949736,-0.32169875787652724,0.011821695140287806,0.45345355425450584,0.5161966237761696,-0.4665514381329268,-0.5570015278170701
1592262458.4305837,-0.02611219057822832,-0.32332704704702747,0.011715818647931288,0.4545829035801757,0.5151941493293252,-0.4673803160841179,-0.556313209684189
1592262458.4405837,-0.025927145916335884,-0.3249731196989073,0.01159598396004442,0.45579867251889156,0.5140631017146536,-0.4682117586522269,-0.555665888955416
1592262458.4505837,-0.02567767392424993,-0.3269069411657246,0.01145390589941065,0.457204277208365,0.5128845694956602,-0.4688704867432149,-0.5550435924103579
1592262458.4605837,-0.02539060498583795,-0.32881092307280174,0.01131514571231909,0.45884562008573526,0.511598720515823,-0.46930644851182435,-0.5545077119211251
1592262458.4705837,-0.025069000377806266,-0.330696108785735,0.011163138307114049,0.46072405699635754,0.5101003197535396,-0.4695979334317167,-0.5540831642393955
1592262458.4805837,-0.024719451074058846,-0.332565520467576,0.010994671091305173,0.46285968061487376,0.5087247209289932,-0.46963899072788784,-0.5535342287195243
1592262458.4905837,-0.02436308600174273,-0.33442793679879235,0.010833616671574441,0.4650482292516911,0.50754212815338,-0.46947932022115596,-0.5529199333136858
1592262458.5005836,-0.024015991727058872,-0.33626881769045186,0.010667748381873891,0.46707934886307845,0.5060868022659006,-0.4695762604515916,-0.5524604814961938
1592262458.5105836,-0.0236867595395304,-0.33806903770530483,0.010476413200707052,0.4692227285217655,0.5045584474823122,-0.4699173781740809,-0.5517510659872898
1592262458.5205836,-0.023375062591067513,-0.3398264516660683,0.010274687875691853,0.47114489064539683,0.5030429318169215,-0.47042997190786434,-0.5510580060278792
1592262458.5305836,-0.023071318239240343,-0.3415405222871163,0.01009249201039204,0.4727121233317096,0.5013647504558506,-0.4710137892539227,-0.5507479831580094
1592262458.5405836,-0.022758541938063866,-0.34322673127050685,0.009923855206276826,0.4743457912395194,0.4998124290222033,-0.47149555352961725,-0.5503416417520961
1592262458.5505836,-0.022434156194935148,-0.3448954925002478,0.00975003735248641,0.4760790775352346,0.4981916414097187,-0.4719006082999535,-0.549966749903224
1592262458.5605836,-0.02211265978742677,-0.34655447112119697,0.009575213520949526,0.47784346019468116,0.49659801370289985,-0.47221229507520546,-0.5496100433185767
1592262458.5705836,-0.021816064729206955,-0.34818956921733424,0.009407567695043702,0.47974741189386494,0.4953221218708889,-0.4724224768184822,-0.5489211013351801
1592262458.5805836,-0.02159678851903194,-0.34955060680899347,0.009254206752113022,0.4817072303309824,0.49413821146505305,-0.47273292497815883,-0.5480038644338032
1592262458.5905836,-0.021420255475835565,-0.35086169576354537,0.009098114882940206,0.48345762845964896,0.4928445747451372,-0.47335372707488377,-0.5470908655750907
1592262458.6005836,-0.021273642697528457,-0.3521390402414175,0.008935837039003615,0.48507303347036906,0.491579569998695,-0.4742230785478721,-0.5460458784519974
1592262458.6105835,-0.021142497593502018,-0.353375059674063,0.008761317371706137,0.48662286850600467,0.4901961234036855,-0.4753301437882229,-0.5449468218014999
1592262458.6205835,-0.021000729042829406,-0.35455815926545475,0.008575739345351214,0.48815483860245995,0.4886664460385932,-0.47655218586897646,-0.5438817040530746
1592262458.6305835,-0.020832912678750863,-0.3556809913939572,0.008389355721013386,0.48976625481980013,0.4870537405241648,-0.4777589446753475,-0.5428200531335772
1592262458.6405835,-0.020666797359978815,-0.3567756818595777,0.00819118658040028,0.4915500859052351,0.48539440701604647,-0.478924114220109,-0.5416666692419905
1592262458.6505835,-0.02050981977435947,-0.35785459448063167,0.00798664431753647,0.4935560356052308,0.48373878604297016,-0.4799566601972388,-0.5404077752566941
1592262458.6605835,-0.020368352625892722,-0.3589393985435172,0.007756757258495999,0.49565945739544587,0.48211141578994593,-0.48077062812306304,-0.5392122377773905
1592262458.6705835,-0.020244069392231084,-0.360038629853378,0.007494593130877736,0.4977725278069588,0.48065971544553127,-0.48127504898208945,-0.538110175594265
1592262458.6805835,-0.020142711776900968,-0.3611169348644501,0.007256700643691405,0.5004640198766124,0.4795593407676358,-0.4816397818609356,-0.5362658223934256
1592262458.6905835,-0.020082416649393073,-0.3621608005538955,0.007000311938997,0.5036534900377692,0.4786328700771135,-0.4823071881436599,-0.5334998239792047
1592262458.7005835,-0.020071768120044527,-0.3631682503982147,0.006705345541206199,0.5065634728663083,0.4773878814992343,-0.4835781836061095,-0.5307026929818052
1592262458.7105834,-0.02011036432112804,-0.36413773084622414,0.006392201782385002,0.5093053932645015,0.476149040912971,-0.485039767915288,-0.5278503292960448
1592262458.7205834,-0.020178892852904324,-0.3650720688808327,0.0061298933718931916,0.5116317045993729,0.47516666762164683,-0.4861104078233827,-0.5254954114140761
1592262458.7305834,-0.020246850671438287,-0.3660108341977564,0.006016188888690903,0.5132171920426976,0.47505904740785354,-0.4863519797192524,-0.5238213225973333
1592262458.7405834,-0.020322137024756177,-0.3669644562396781,0.005962417988178527,0.514132436455515,0.4750710559508517,-0.48671474831834666,-0.5225744529881043
1592262458.7505834,-0.020417782079673073,-0.3679098696427731,0.005933353254567478,0.5147254761130736,0.4752127596609783,-0.48718122550155263,-0.5214252889282357
1592262458.7605834,-0.020535692927237253,-0.3688483451519071,0.005922560394679216,0.5152396664855945,0.4756543580445232,-0.4874795249103693,-0.52023455052692
1592262458.7705834,-0.020660017102382088,-0.369791233807787,0.0059322152758366315,0.5154643245985692,0.47633525013944084,-0.48764229779494567,-0.5192358624274643
1592262458.7805834,-0.02077117330605132,-0.3707351351133141,0.0059586657285964776,0.5153054514158989,0.4771086118704196,-0.4877059830590581,-0.5186237693007733
1592262458.7905834,-0.02086497451733735,-0.3716710677251939,0.005995611053475175,0.5150311096282382,0.47793598648186586,-0.4876328187461139,-0.518202602593264
1592262458.8005834,-0.02093973627345265,-0.3725924980794971,0.006034011745001671,0.5147599704181538,0.47873719596225783,-0.4875168293435232,-0.5178417771897361
1592262458.8105834,-0.020998529980574533,-0.37349430392354444,0.006069527841007359,0.5144571328461277,0.4793920459667855,-0.4875077208523979,-0.5175456287821979
1592262458.8205833,-0.021046606918031206,-0.37436363868047484,0.006097842341021712,0.5141920503994931,0.4798631720360711,-0.48765986579895676,-0.5172287347036219
1592262458.8305833,-0.02109020466824804,-0.37519430256977854,0.006115201009648629,0.513987523473894,0.4800838482119663,-0.48805257625768395,-0.5168560311368955
1592262458.8405833,-0.0211406460956023,-0.37600073918147014,0.006123236987828535,0.5138878179550761,0.4801079787070286,-0.4886136112607667,-0.5164038509492
1592262458.8505833,-0.021194050462985024,-0.3767928172506714,0.006126630780004993,0.5138418489201589,0.47999962589660394,-0.489286489221171,-0.5159117841639628
1592262458.8605833,-0.02123711486351982,-0.37757937222451904,0.006132139301921555,0.5137926298119063,0.4798705605057058,-0.489963367992579,-0.5154387777736809
1592262458.8705833,-0.02126974952904284,-0.3783794540805347,0.006145651111955636,0.5136450164642907,0.4798719969129455,-0.49046996072580645,-0.5151030238389209
1592262458.8805833,-0.021298525820395715,-0.379204628768088,0.006168335811273921,0.5132176798809345,0.4799950091335254,-0.4908029658758278,-0.5150980307623741
1592262458.8905833,-0.021328370386119594,-0.38004190476611416,0.006195057912345781,0.5125806502653859,0.48015756132379345,-0.49110295816310817,-0.5152941513913514
1592262458.9005833,-0.02137096964634487,-0.38087507744237187,0.006221651374251368,0.5119386286905935,0.48034998332312184,-0.49141734858267044,-0.5154528596514993
1592262458.9105833,-0.02142711157096663,-0.3817065396471109,0.00624730681987081,0.511335080264056,0.4806229047219136,-0.49172134589038036,-0.5155080147418997
1592262458.9205832,-0.02149163229626226,-0.38254392519982355,0.006274763406733002,0.5107305763967042,0.48099260047299164,-0.491963732601866,-0.5155309094715619
1592262458.9305832,-0.02155442206705373,-0.38339224779466136,0.006299122851006089,0.5101698058776296,0.48144052538768767,-0.4921289868299109,-0.5155100844625905
1592262458.9405832,-0.021609709094367702,-0.3842460435936842,0.006316424918685978,0.5096276699818606,0.4818626013498884,-0.49232644064147824,-0.515463650927345
1592262458.9505832,-0.02166983214218186,-0.385069873105734,0.006325871445751407,0.5093110130183478,0.4820520564699121,-0.4927551911069826,-0.515190433216762
1592262458.9605832,-0.021737352312425608,-0.3858737758564861,0.006331517565678932,0.5088844624977754,0.48221756001218796,-0.4932503765861867,-0.5149816436641518
1592262458.9705832,-0.021807981873447967,-0.3866653029823053,0.006338501633893895,0.5084676747677542,0.48240048146424785,-0.4937074238704952,-0.5147848779077525
1592262458.9805832,-0.021886944974755983,-0.38744435970041813,0.006345534399699666,0.5081364296750284,0.48266366226856483,-0.4941223709626213,-0.5144666941262827
1592262458.9905832,-0.02198123189017309,-0.3882178973680963,0.006353074791983726,0.507859655552764,0.48305696902050876,-0.4944744536622133,-0.5140319721714266
1592262459.0005832,-0.022088936051969734,-0.3889887822321439,0.006362442309097064,0.5076310710299302,0.48355809145950546,-0.4947791740958239,-0.5134940492087544
1592262459.0105832,-0.02220583939679752,-0.38975123067539436,0.006372988406749331,0.507353954066052,0.484106299345888,-0.49509354848583403,-0.512947814600652
1592262459.0205832,-0.022332730352288107,-0.39049741337755267,0.00638269096852063,0.5070385846010801,0.48464131838220037,-0.49545897651528553,-0.51240041328289
1592262459.0305831,-0.02247502455885866,-0.3912076273941917,0.006383236261802415,0.5066935550270876,0.48522427870259666,-0.4958480725552154,-0.5118132806438404
1592262459.0405831,-0.022631250642901838,-0.3918915243638176,0.006381185330656248,0.5063562685413953,0.4858425298890644,-0.49624826429055713,-0.5111736703725256
1592262459.0505831,-0.022806115996983897,-0.3925517058529135,0.0063818150195904646,0.5060031497927913,0.48649506174448803,-0.4966871421439026,-0.5104758068839997
1592262459.060583,-0.023002720147506546,-0.3931898179648873,0.006383457357699754,0.5056053459720903,0.4872431495514262,-0.49713415903049396,-0.509720325698703
1592262459.070583,-0.023224364293342646,-0.3938021660225785,0.006385174055710695,0.505151591946869,0.4880430811205242,-0.4976388848337518,-0.5089124266192689
1592262459.080583,-0.023464482982131038,-0.3943897495598085,0.0063859608821675235,0.5046465230285757,0.48885356983244577,-0.4982022629817745,-0.5080830575135379
1592262459.090583,-0.023709295713005556,-0.39495376393108866,0.00638543542311706,0.5041352150067521,0.48967142075978287,-0.4987418257620336,-0.5072727969325743
1592262459.100583,-0.023954707973836028,-0.39548714202018637,0.006383529597623096,0.5035244216260194,0.49036350479204555,-0.4993691189769224,-0.5065940358108962
1592262459.110583,-0.024208779718671046,-0.39598253313955106,0.0063821144328833025,0.502798433592939,0.4909625898345568,-0.5001062348370876,-0.506006738712514
1592262459.120583,-0.02447421585350166,-0.3964323717677509,0.006378757835375132,0.5020140982454656,0.4915792500862971,-0.5008892876399019,-0.5054124346014974
1592262459.130583,-0.02473977199485206,-0.39683191826175807,0.006376370106487645,0.5012450177131406,0.4922333030249658,-0.5016505771208208,-0.5047833504067347
1592262459.140583,-0.024983725039206425,-0.39717957376492913,0.006387001943079855,0.500563802435136,0.49290740595466076,-0.5023134546690451,-0.5041425818667432
1592262459.150583,-0.025207684168793106,-0.3974730817512683,0.006398119688233064,0.4999989086836917,0.493555983160342,-0.502848746901182,-0.5035340301378096
1592262459.160583,-0.025409645851795833,-0.39771349505085085,0.006408920994057733,0.4994303281193166,0.4940587353072881,-0.5033749453950848,-0.5030801881152105
1592262459.170583,-0.025601683617035617,-0.3979004816334827,0.00642090928693281,0.4988300170346686,0.49446715708152994,-0.5039357865757916,-0.5027112102208012
1592262459.180583,-0.02579432471509658,-0.39804116870528655,0.006432296338349767,0.49818182648476383,0.4948117724873127,-0.5045667594162514,-0.5023823655456823
1592262459.190583,-0.025978494330053125,-0.39815099701919615,0.006443474144301839,0.49750214833768364,0.4950525066607135,-0.5052498130100289,-0.5021331047259239
1592262459.200583,-0.02614665580684488,-0.39824352480666464,0.006455511960084095,0.4968364193319735,0.4952157972382895,-0.5059313077987628,-0.501944910084846
1592262459.210583,-0.026276049296778074,-0.39831788241454524,0.006467346028808174,0.49619478861414296,0.4952979168868412,-0.5065858138360072,-0.5018381520538359
1592262459.220583,-0.026353289969087076,-0.39836839806051133,0.006477337069817883,0.49562221035242743,0.49535428744086984,-0.5071687321593986,-0.5017595688386952
1592262459.230583,-0.026399140373003293,-0.39840132439067694,0.006486357945430174,0.4951244917060119,0.49536298648154287,-0.5076635164050624,-0.5017429891852343
1592262459.240583,-0.026419663825343647,-0.3984174176145684,0.006492361106873676,0.4947894578730726,0.49534246924979713,-0.5080005714550397,-0.5017516187345398
1592262459.250583,-0.0264238251646213,-0.3984241197369795,0.006496365881471291,0.4945772584609764,0.49524315507658584,-0.5082129629479067,-0.5018438449234142
1592262459.260583,-0.02642552592688916,-0.3984264227212882,0.006497494456020376,0.4944658246874803,0.4951857902792461,-0.5083200125598609,-0.501902453849742
1592262459.270583,-0.026428067218606115,-0.39842878995406567,0.0064994007125983855,0.4943465180306493,0.495191603794308,-0.5084534079649722,-0.501877792411384
1592262459.280583,-0.02643983189837864,-0.39843256889557305,0.0065032271813664395,0.4941351497351181,0.49524353934247467,-0.5086881840223697,-0.5017975114175404
1592262459.290583,-0.026463777687678613,-0.398439053791728,0.00650894026442422,0.49381874406595183,0.49530369488631787,-0.5090271831015345,-0.5017053346381252
1592262459.300583,-0.026495578799312476,-0.39844523792050895,0.006515541367180489,0.4933384428133368,0.49520937012055455,-0.5095395598316441,-0.5017513403866156
1592262459.3105829,-0.026523225769286597,-0.3984512541278985,0.006521557306151711,0.49294115077410927,0.4951851269369366,-0.5099659338505151,-0.50173187604271
1592262459.3205829,-0.02654398159212836,-0.39845716207151544,0.0065274265411128405,0.4927110593110066,0.4953109776727618,-0.510227992329292,-0.5015669448667904
1592262459.3305829,-0.026552970131182338,-0.39845727850762996,0.006529104567541838,0.4925400690105909,0.49541660948047544,-0.5104221341495675,-0.5014347297650577
1592262459.3405828,-0.02655553003378701,-0.39845738843548795,0.006530090565617472,0.49241658895476575,0.4954668725048906,-0.5105639981063592,-0.5013614452860626
1592262459.3505828,-0.02655553003378701,-0.39845738843548795,0.006530090565617472,0.4923475357537607,0.49549472358532143,-0.5106464983974321,-0.5013165699049535
1592262459.3605828,-0.02655651818581932,-0.3984575418591899,0.006530086475539935,0.492325475659035,0.495513524340965,-0.51068004868193,-0.50128695131807
1592262459.3705828,-0.026555908895276217,-0.3984574472587563,0.006530088997465188,0.492319,0.495519383404048,-0.5106996995757122,-0.5012663004242879
1592262459.3805828,-0.02655494881630322,-0.39845728509209083,0.006531092904120237,0.49235439430343686,0.49549533141724866,-0.5106665771275961,-0.5012898857241316
1592262459.3905828,-0.026551009960392995,-0.3984560875885411,0.006532661093444721,0.49245097341108257,0.49542996853090593,-0.5105686733606718,-0.5013585024400883
1592262459.4005828,-0.026542691942602243,-0.3984548475150001,0.006535185837989622,0.49256682912149985,0.49533984003941833,-0.5104445983809638,-0.5014607807898089
1592262459.4105828,-0.026534335469923412,-0.3984539994602531,0.006537675930087166,0.4926629293860032,0.49523509662967985,-0.5103425761887861,-0.5015733940790048
1592262459.4205828,-0.02653046906178084,-0.3984533794722723,0.0065391936909063916,0.4926894721176284,0.49511828635447125,-0.510298918235574,-0.501707851174698
1592262459.4305828,-0.02652799046608611,-0.39845253013517506,0.006540198390722111,0.49265427891384406,0.49495218986377065,-0.5103106132731957,-0.50189457966863
1592262459.4405828,-0.02652807541307379,-0.3984519828281561,0.00654019121959961,0.49254131278121455,0.49477695569649327,-0.5104346872187855,-0.5020515238870383
1592262459.4505827,-0.02652807541307379,-0.3984519828281561,0.00654019121959961,0.4923169860200265,0.4946603572818303,-0.5106721365689103,-0.5021445499027188
1592262459.4605827,-0.02652807541307379,-0.3984519828281561,0.00654019121959961,0.492026116608904,0.4945568628978938,-0.5109775636030396,-0.5022202487629965
1592262459.4705827,-0.026529554945051444,-0.39845118754668407,0.006541172716742219,0.49171131557721914,0.49448897624206745,-0.5113201075083038,-0.5022465848337879
1592262459.4805827,-0.026531658893141477,-0.39845050231576895,0.006541151696577856,0.49143158928290154,0.4944850586738712,-0.5116969897990092,-0.5021408826522575
1592262459.4905827,-0.026533330631873426,-0.39845075815547515,0.006541428682854309,0.49108853444076717,0.4945594425918328,-0.5120634154560567,-0.502029471811797
1592262459.5005827,-0.026534476459949205,-0.39844991478194125,0.0065421276554368584,0.4908553010805657,0.4947404545492296,-0.5123344545492295,-0.5018037823145813
1592262459.5105827,-0.026534476459949205,-0.39844991478194125,0.0065421276554368584,0.4906568964632673,0.4949423449086716,-0.5125595001068853,-0.5015683792071451
1592262459.5205827,-0.02653310645967812,-0.3984496995320756,0.00654232711739986,0.49048940271405633,0.49510437250354017,-0.5127518530463514,-0.5013759841272537
1592262459.5305827,-0.026528712765250755,-0.39844900679025763,0.006543151444822634,0.4903973221970934,0.49519700668174393,-0.5128518589466851,-0.5012718121744776
1592262459.5405827,-0.026512619151505972,-0.39844650618614297,0.0065433598048362,0.4904011186360059,0.49518503082690163,-0.5128653066325404,-0.5012658274169163
1592262459.5505826,-0.026473688820867484,-0.39844157798118707,0.006544508589003207,0.4904898372262565,0.4950808155775227,-0.5127812369171547,-0.5013675732073606
1592262459.5605826,-0.02641270874261047,-0.39843415917910185,0.006546837749369959,0.49066803784883134,0.4948934600484558,-0.5125810416295284,-0.5015837952083264
1592262459.5705826,-0.02634905770148001,-0.39842723476842307,0.006549027667978848,0.4908812849262989,0.4946718303934497,-0.5123572537947068,-0.5018218615250419
1592262459.5805826,-0.026293375019722273,-0.3984215087608762,0.0065512361852722144,0.4910895611586171,0.49447469495724455,-0.512127310783452,-0.5020465099354449
1592262459.5905826,-0.02624529532834645,-0.39841604121122726,0.006551459495723231,0.4912869587477692,0.4942920391896192,-0.5119220424897977,-0.5022439579227246
1592262459.6005826,-0.026204002899415844,-0.39841162747404485,0.006551654712896334,0.4914744092101741,0.49411345860667155,-0.5117080137759199,-0.5024540390973419
1592262459.6105826,-0.026173416052693264,-0.3984079171085188,0.006551793952608919,0.4916633309941969,0.4939237739272818,-0.511492665759851,-0.5026741243971916
1592262459.6205826,-0.026158327798812903,-0.398405586530489,0.006550934951463739,0.4918068984848849,0.49378578757572344,-0.5113174357575297,-0.502847721212166
1592262459.6305826,-0.026150523222456153,-0.3984033638980894,0.006550876464276193,0.4919155655342665,0.49368980741199503,-0.5112134938851258,-0.5029411331686127
1592262459.6405826,-0.026146548845679435,-0.3984018670126481,0.006550882210094441,0.4919745198717655,0.49364134959516953,-0.5111488717274294,-0.5029979977395056
1592262459.6505826,-0.026143506127992718,-0.39840126250440927,0.006550893197180223,0.492047828555706,0.493617,-0.5110846562671965,-0.5030151919618291
1592262459.6605825,-0.02614155047405206,-0.39840097196488905,0.006549901359086794,0.4921312494999404,0.49363954813156535,-0.5110050530526818,-0.5029907721052841
1592262459.6705825,-0.026139753245564404,-0.39839968102459616,0.006549896486351333,0.4923074687270792,0.49374568335645197,-0.5108454629372756,-0.5028765264617022
1592262459.6805825,-0.02613954115911353,-0.39839964809536327,0.006549897364202109,0.49243224536549457,0.49389148601897576,-0.5106987172484304,-0.5027618294066556
1592262459.6905825,-0.02613954115911353,-0.39839964809536327,0.006549897364202109,0.49251327383240423,0.49392790947642007,-0.5106480902408719,-0.5026964537487318
1592262459.7005825,-0.02613954115911353,-0.39839964809536327,0.006549897364202109,0.49263649175100116,0.49407301086579314,-0.5105629490272215,-0.502520353453262
1592262459.7105825,-0.02613964471535165,-0.3983989808903507,0.0065498886221090746,0.49270290700590746,0.49428967952489583,-0.510513,-0.5022924392198296
1592262459.7205825,-0.02613968849127573,-0.39839867217556657,0.006548884509926095,0.4927424826307268,0.49459399821642824,-0.5105190987231436,-0.5019477111066366
1592262459.7305825,-0.026140830003109218,-0.3983978375136646,0.0065488674733986466,0.49267805522021446,0.49488302207181384,-0.5106112883360712,-0.5016332515497148
1592262459.7405825,-0.026140830003109218,-0.3983978375136646,0.0065488674733986466,0.4925598015480054,0.495060971913112,-0.5107770657575816,-0.5014039784738893
1592262459.7505825,-0.026139433370520902,-0.39839661617534156,0.006548295850943107,0.4924433086497355,0.49517969135026446,-0.5109004308318755,-0.5012765691681245
1592262459.7605824,-0.026135149564698257,-0.39839441241930795,0.006547326820478324,0.4923915330815065,0.4952285992445195,-0.5109623308150649,-0.5012145368589089
1592262459.7705824,-0.026125230530112183,-0.3983903745689079,0.00654636342043631,0.4924126482053584,0.4952108588520396,-0.5109378023928555,-0.5012366905497465
1592262459.7805824,-0.026111563181620976,-0.39838530116321486,0.0065444128049942304,0.4924771261124424,0.49515422095723505,-0.5108595268178802,-0.5013090824180645
1592262459.7905824,-0.02609701960579023,-0.3983790803441259,0.006542453774371074,0.49253757158003697,0.49510857131497227,-0.5107775304499603,-0.5013787756400317
1592262459.8005824,-0.026082134995090277,-0.39837280025383837,0.006540492934432986,0.49262195469267767,0.4950729244692859,-0.5106890845810724,-0.5014208821787497
1592262459.8105824,-0.026067994903892562,-0.3983662341004361,0.006538524125679549,0.49279561712270853,0.4950880836053034,-0.5105145583731449,-0.5014131225207332
1592262459.8205824,-0.026056975316125348,-0.39836094712963416,0.0065375543832977825,0.493015712639788,0.4952213336592953,-0.5102724439011744,-0.5013119845669722
1592262459.8305824,-0.026051894306288362,-0.3983575340765713,0.006536912119852531,0.49323500261479214,0.4953782419168461,-0.5100597248956436,-0.5011577248956435
1592262459.8405824,-0.02604790182706694,-0.398355237392462,0.006536595374387527,0.4934799712071725,0.4955945408571788,-0.5098367774309216,-0.5009299618666332
1592262459.8505824,-0.02604515629069854,-0.39835351798919333,0.006535903782290524,0.49364048808387256,0.49579610028948895,-0.5096900855488634,-0.500720899710511
1592262459.8605824,-0.026043508645720786,-0.39835127024992023,0.006535627675403889,0.4937295706894723,0.4959592960388313,-0.509611015983358,-0.5005516346229044
1592262459.8705823,-0.026040838505316397,-0.39834910333901963,0.00653487600582458,0.4937860389774993,0.4960824604180514,-0.5095691875755561,-0.5004165395819486
