time,x,y,z,q,x,y,z
1592288134.7427096,-0.08752320255012297,0.4541913585601732,0.051177678978578875,0.5227640493864452,0.5001514613610779,-0.4780288175529125,-0.49805088843440387
1592288134.7527096,-0.08752320255012297,0.4541913585601732,0.051177678978578875,0.5227078409315171,0.5001584961064591,-0.478107422695876,-0.4980273681863034
1592288134.7627096,-0.08752320255012297,0.4541913585601732,0.051177678978578875,0.5226296073128478,0.5001305643877086,-0.47822265405452696,-0.4980269135136317
1592288134.7727096,-0.08752320255012297,0.4541913585601732,0.051177678978578875,0.5225191975446942,0.5000598734654339,-0.47835825306913216,-0.49808358332666525
1592288134.7827096,-0.08752320255012297,0.4541913585601732,0.051177678978578875,0.5224152800312364,0.5000138527073065,-0.47846757849773036,-0.49813343217531353
1592288134.7927096,-0.08752320255012297,0.4541913585601732,0.051177678978578875,0.5223543623969719,0.49995042565000497,-0.4785408974318159,-0.4981898341787827
1592288134.8027096,-0.08752222370814362,0.4541903378580831,0.05117768494707477,0.5223234281485312,0.4998773097660507,-0.47858737750761665,-0.49825135218715944
1592288134.8127096,-0.08752122381781513,0.45419031581279334,0.05117747780919417,0.5223036755108761,0.49978859770517364,-0.47861749336684295,-0.49833244119767756
1592288134.8227096,-0.08752006886382437,0.454189287200392,0.05117669168208587,0.522295230125973,0.4997098075276525,-0.4786248242677182,-0.49841413807865637
1592288134.8327096,-0.08751811625962215,0.4541882461076017,0.05117669827363125,0.5223208444552775,0.4995798198442699,-0.47862080233461995,-0.4985205333658326
1592288134.8427095,-0.08751616312740852,0.4541871996737868,0.05117570487957941,0.522346515790943,0.49942811580024915,-0.478606607893145,-0.4986598841997509
1592288134.8527095,-0.08751421052303268,0.45418615858099287,0.0511757114711249,0.522315,0.4992666988870464,-0.47863787894137155,-0.49882442217158207
1592288134.8627095,-0.08751225781971349,0.45418511215615903,0.05117471807679863,0.522326854484953,0.4990950186053291,-0.47865449844955593,-0.49896669966724144
1592288134.8727095,-0.08751131059012175,0.4541840921160363,0.05117472402506774,0.5223493958775526,0.4989397039101947,-0.47868,-0.49907490021225265
1592288134.8827095,-0.08750937194399624,0.4541830317372293,0.05117471124143998,0.522371883176811,0.4988295132367128,-0.4786695911188387,-0.49917101246763734
1592288134.8927095,-0.08750842531209209,0.45418103821595324,0.051173741845263784,0.5223541495255553,0.4987921619860182,-0.47862628659064754,-0.49926940189777896
1592288134.9027095,-0.08750843312754336,0.4541800699626842,0.05117374701267593,0.522353,0.49876066363060867,-0.4785867078726493,-0.4993386727387826
1592288134.9127095,-0.08750745373507406,0.4541790755450789,0.05117375284107439,0.5226050016283048,0.4985147287837678,-0.47879054080415967,-0.49912508144708095
1592288134.9227095,-0.08750574439357822,0.454169729621192,0.05117190019047768,0.5229245583885158,0.49843324776608905,-0.4788498764828817,-0.49881599325991327
1592288134.9327095,-0.0874988063967738,0.4541435068236095,0.05116906989358891,0.5230745806251332,0.49846945161761574,-0.47870847743372796,-0.49875822580880785
1592288134.9427094,-0.08749054006803829,0.4541157532933487,0.05116725358656913,0.5232218574445703,0.4983866833036971,-0.4785817666581991,-0.49880730740646656
1592288134.9527094,-0.08748232598189648,0.4540844783314316,0.05116445187351735,0.5233277866828262,0.4982125105540152,-0.47860658040166243,-0.49884730301477415
1592288134.9627094,-0.08747160020027622,0.454039536549441,0.05116272357079171,0.5233895262335643,0.4980602941150303,-0.4786729395880246,-0.498870446740611
1592288134.9727094,-0.0874550933660327,0.4539720916476575,0.051159351187826406,0.5235220128052399,0.49791766018177924,-0.4786776540259617,-0.4988696037922115
1592288134.9827094,-0.08743151318938143,0.4538702540862804,0.05115595955409396,0.5236526653977058,0.4978191949957762,-0.4785405789137007,-0.4989616304960763
1592288134.9927094,-0.0874064126003376,0.45373904701781714,0.05115615613901473,0.5238124119147726,0.4977010633850079,-0.4783264389750132,-0.4991177026884683
1592288135.0027094,-0.08737835799343686,0.45358169857383657,0.05115969460647975,0.5239776065690528,0.49757200786827055,-0.4781460270265562,-0.49924557612075204
1592288135.0127094,-0.08736414271501411,0.453366544872882,0.05116679686552834,0.5241386027126608,0.49745608416419385,-0.4779895396160416,-0.4993415160824117
1592288135.0227094,-0.08737906301980695,0.4531231626889186,0.051178224598300015,0.5242383117417797,0.49741901899747065,-0.4778372396430214,-0.4994205474936767
1592288135.0327094,-0.08742368978545433,0.45285756085561113,0.051191049299612525,0.5242544053646817,0.4974615678119098,-0.47776781519993144,-0.499427211623477
1592288135.0427094,-0.08749273762500626,0.4525666432530813,0.05120906966062145,0.5241909602940211,0.49759254710969,-0.4777227711967013,-0.4994058606997938
1592288135.0527093,-0.08758063256200234,0.4522474569217269,0.051236643962163146,0.5239877212340607,0.4978604263237522,-0.477628245861249,-0.4994427595886464
1592288135.0627093,-0.08768015942213098,0.45190253984360773,0.05127854683143326,0.5235770649571437,0.4983286237362142,-0.47735627480358517,-0.4996660904154449
1592288135.0727093,-0.08778910645414542,0.4515570598485152,0.051331167642355034,0.5230215322970638,0.4989126439674316,-0.4770227320711104,-0.49998398943212957
1592288135.0827093,-0.08790257038085661,0.4512288539721925,0.05138318481282987,0.5226070623024561,0.4993924137450107,-0.47687131819357725,-0.5000829473820368
1592288135.0927093,-0.08801456043162365,0.4508905720395852,0.051443134909859765,0.5222041827327913,0.49991459944363503,-0.47664511012493344,-0.500197969524783
1592288135.1027093,-0.08811853480763877,0.45048629552119507,0.05152780786259824,0.5217518755385877,0.5006316729201689,-0.47609028352663635,-0.5004805240139432
1592288135.1127093,-0.08820625167728491,0.44998346150225604,0.05165007789137076,0.5213244692995079,0.5015779968048025,-0.475093011034075,-0.5009256723754126
1592288135.1227093,-0.08827071107598715,0.4493682239515773,0.05181437310991229,0.5209390631424479,0.5027570775455013,-0.4735986433749357,-0.5015600824506928
1592288135.1327093,-0.08830678110474459,0.44863966755824364,0.052017895476557656,0.5205638414692889,0.5041056122958671,-0.4716763934460027,-0.5024059052296279
1592288135.1427093,-0.08831594221743101,0.44780556140576505,0.05224812895716268,0.5201364561366963,0.5055596826139872,-0.46946156788640964,-0.5034610251015081
1592288135.1527092,-0.08829995570867678,0.44687587657223143,0.0525012440011936,0.5195714397853807,0.5070681963088248,-0.467066643049725,-0.5047528748876604
1592288135.1627092,-0.08826518212106488,0.4458606657171062,0.0527745601026876,0.5188111214762811,0.5086077696659923,-0.4645801236618348,-0.5062781486515602
1592288135.1727092,-0.08821952769124673,0.44476570095331724,0.05306699235795501,0.5178053925740523,0.5101699230930199,-0.46205523189583325,-0.5080437365028557
1592288135.1827092,-0.08817238109976167,0.4435846913870226,0.05338249139421912,0.5165067099280999,0.5117788303553278,-0.45950757363726824,-0.5100542008379787
1592288135.1927092,-0.0881330119923817,0.4423043259380691,0.05372474019305613,0.5149081861436685,0.5135116126501973,-0.45686525962292834,-0.512296899007581
1592288135.2027092,-0.0881153248992479,0.44090433993946326,0.05408453785979914,0.5131259300557429,0.5153828036696155,-0.4540715287382784,-0.5146847007535335
1592288135.2127092,-0.08809686221431008,0.43939563034542084,0.05445364746340768,0.5113479333285564,0.5173424510694705,-0.45105791078680024,-0.5171334829069115
1592288135.2227092,-0.08805762718337425,0.43777764315698453,0.054819138723436654,0.5097357317286774,0.5193149746767557,-0.44779823535933994,-0.519574382972142
1592288135.2327092,-0.08798817634337087,0.4359872310846368,0.055249726450649995,0.5082668625845853,0.5213260281860023,-0.4441950181851637,-0.5220855825884481
1592288135.2427092,-0.08788994247035735,0.4340863438883326,0.05567820289059895,0.506785440232838,0.523457908432858,-0.4401946202938824,-0.5247747663952791
1592288135.2527092,-0.08779088891518648,0.4322221683204417,0.05609239105286042,0.505062918929334,0.5257809571279906,-0.43588393865301417,-0.5277030811221793
1592288135.2627091,-0.0877019625265315,0.43008774633102925,0.056548036076595413,0.5029493614328878,0.5282613543872504,-0.4314579725682866,-0.5308715387049272
1592288135.2727091,-0.08763988394380164,0.4278520913304198,0.05698037788458385,0.5006546136860528,0.5307268543539085,-0.4271391872394654,-0.5340656241883199
1592288135.2827091,-0.08759521622655886,0.42558829104255463,0.057372171769813046,0.49811407349830744,0.5333066758241194,-0.42270927589572516,-0.5373849893435434
1592288135.292709,-0.08755637745770771,0.42339082184077154,0.05773619699998019,0.4951863641793223,0.5359814192936782,-0.4181838493748626,-0.5409574124135177
1592288135.302709,-0.08752822270585554,0.42122817779832383,0.05805643265543994,0.4919890101634558,0.5386214924443354,-0.4136702468221423,-0.5447103557588779
1592288135.312709,-0.08751530306839982,0.4191921981212994,0.058332253026355994,0.488693684130203,0.541191687520694,-0.40918545228926273,-0.5485031197981137
1592288135.322709,-0.08751517178995565,0.41695614647659307,0.05859537586612164,0.4854084691543024,0.5436416230630727,-0.404821437729325,-0.5522225320585249
1592288135.332709,-0.08752731472277193,0.4144942066430001,0.058827910219991474,0.48203285663188244,0.5460284829583252,-0.4005338363801165,-0.555938659421416
1592288135.342709,-0.08754885838112053,0.4120160362747513,0.05902751811226887,0.4785523465720235,0.5483635291775776,-0.3963901905613924,-0.5596051810622735
1592288135.352709,-0.08757862039756907,0.4095110925245971,0.05918440320739254,0.47495467280036757,0.5506368749689043,-0.3923308249703857,-0.5632867210871557
1592288135.362709,-0.08761292674874252,0.4070114490532114,0.059302190846015713,0.4709550919391888,0.5529254010454422,-0.3881636313499708,-0.567274986882375
1592288135.372709,-0.08764390548280153,0.40454735547492604,0.059383307523494494,0.46676588991778417,0.5551277585515111,-0.38397770375560003,-0.5714197117864682
1592288135.382709,-0.08766349313213759,0.4021311084391399,0.05943682726258339,0.4625639181318123,0.5573299878892339,-0.37966453630738745,-0.5755594972672007
1592288135.392709,-0.08766667382503877,0.3996910913559931,0.059468819877732504,0.458268809813533,0.5595676949609876,-0.3750924203292923,-0.5798063542340756
1592288135.402709,-0.08766313711988354,0.39714364344026476,0.05949470820968821,0.4539530265815144,0.5619339532302511,-0.3701444212974811,-0.5840767823462167
1592288135.412709,-0.08767811508207976,0.3943251365166744,0.05952255216917416,0.449578273074616,0.5644586634500864,-0.3649129123597818,-0.5883019830086326
1592288135.422709,-0.08772176568247361,0.3912965902792783,0.05952233039085323,0.44509850783316623,0.5670363620947787,-0.35960493446126435,-0.5924825730669817
1592288135.432709,-0.08778997761152135,0.38825384379862804,0.05950747005335088,0.4406483743679808,0.5697501520813133,-0.3541993059303604,-0.5964500300585984
1592288135.442709,-0.08786690213811668,0.385309361245801,0.0594757292439321,0.4362335386167979,0.5724600362736952,-0.34876935105708606,-0.6002871403904265
1592288135.452709,-0.08793748620603177,0.38246503748386906,0.05941437744472746,0.4319744770831435,0.5750927174844294,-0.34330589029975395,-0.6039902164325183
1592288135.462709,-0.08799717761606879,0.3796543044615004,0.059322087898422415,0.4278625417880521,0.5775440327359616,-0.3379098480487878,-0.6076099468787836
1592288135.472709,-0.0880528018986108,0.3767940358402545,0.05919599871213873,0.4239123045152552,0.5798105988541756,-0.33268354367286734,-0.6110937257975255
1592288135.482709,-0.08812536185721029,0.3737809018210945,0.059026977078837826,0.4200282299129508,0.581877389372454,-0.32773514040987967,-0.6144763348475989
1592288135.492709,-0.08822133265528832,0.3707614735298648,0.05882989115372589,0.4164192437623659,0.5837697187999742,-0.32311112960585764,-0.6175799730956132
1592288135.502709,-0.08832556481686434,0.36777712960631,0.05863305656678042,0.41303571311386617,0.5855834790438113,-0.3187968967885068,-0.620369891825114
1592288135.512709,-0.08843062968166686,0.3645914499750051,0.05838074804312648,0.4098039252663022,0.587374395654075,-0.31457971532740525,-0.6229686577339393
1592288135.522709,-0.08854258775923383,0.3613573602213354,0.058114940463498625,0.4065224718040467,0.5892320807813356,-0.3102372891577026,-0.6255364350637612
1592288135.532709,-0.08865349099305604,0.35809221630805793,0.05782056404920836,0.4032012487240281,0.5912170868101373,-0.30563228118207186,-0.6280756974917218
1592288135.5427089,-0.08875298616177978,0.3550580491558,0.057515543218895536,0.3997855655681117,0.593292409384564,-0.30072723287971687,-0.6306631783762261
1592288135.5527089,-0.08885042639494756,0.35199732600487127,0.057176960292916815,0.3961442632579226,0.5954039126629225,-0.2955434834706515,-0.6334162133487966
1592288135.5627089,-0.0889505007431206,0.3488815589669407,0.05679368694586603,0.3924178870226317,0.5974257814527815,-0.2902985528803827,-0.6362513249804314
1592288135.5727088,-0.08906044240978914,0.34571812197410223,0.05636967083005294,0.38865564827946786,0.5993135768775132,-0.28524829035438803,-0.6390637319745143
1592288135.5827088,-0.08918402275630498,0.3425324902263067,0.05591271701157953,0.38481692981433674,0.6009957686288877,-0.28049129723290006,-0.6419058275526347
1592288135.5927088,-0.08932946223342761,0.33932214577982994,0.055413154679820185,0.3810898085858864,0.6024287485554578,-0.27612495213839033,-0.6446744227437389
1592288135.6027088,-0.08949341811408572,0.3361423983700807,0.054905615849207424,0.37751044350970975,0.6036447102994099,-0.2720927753349893,-0.6473515503798953
1592288135.6127088,-0.08967748806762209,0.3327892671013797,0.05440582944648242,0.37421898103204904,0.604617885234349,-0.2684972495080537,-0.6498518669223265
1592288135.6227088,-0.08986698563032677,0.3294764284872294,0.05396326777899856,0.37109508791878437,0.6054859834934869,-0.26518861469589333,-0.6521881134983387
1592288135.6327088,-0.09006903570785532,0.3262039299328834,0.05357170963897527,0.36824802423816255,0.606207495619133,-0.2622232296099181,-0.6543276804784391
1592288135.6427088,-0.09029222878276374,0.3229653045479968,0.05318716740364183,0.365525894415303,0.6068813406656237,-0.25931381615847654,-0.6563853719787497
1592288135.6527088,-0.0905493664296132,0.3197511195357605,0.052807918618912215,0.3629083359522269,0.6075351436377705,-0.2566284254489179,-0.6582859170014475
1592288135.6627088,-0.09084296164443477,0.31656285353288055,0.052444386131399935,0.3603450814839001,0.6082240428454377,-0.25401709898558456,-0.6600687211750417
1592288135.6727087,-0.09116457202903941,0.313401284479163,0.052089989770675645,0.35794273376212665,0.6088873849717655,-0.2515362936048704,-0.6617112496370765
1592288135.6827087,-0.09150627654670167,0.3102703839938759,0.051739607363441624,0.3555786524200347,0.6096180060772127,-0.24909643488022082,-0.663234966597031
1592288135.6927087,-0.0918662947229933,0.3071783365252338,0.051402883986153475,0.35335370793937676,0.6102336657774929,-0.2468911053074994,-0.6646809420760149
1592288135.7027087,-0.09223029725561707,0.3041342042895058,0.051094105693012384,0.3514658930553858,0.6107184930255097,-0.24497715694743735,-0.66594305663574
1592288135.7127087,-0.0925837316618383,0.3011238273966549,0.05082457406261827,0.34990230125728833,0.6110142340779743,-0.24333593925744473,-0.6670962507433374
1592288135.7227087,-0.09294084788258711,0.29816911246082267,0.05060125059610297,0.34863086100237,0.6111114434809218,-0.24208916534656755,-0.6681256085771197
1592288135.7327087,-0.0933080401535848,0.2952771097922832,0.050437504282305784,0.34781084077307867,0.6110513096627609,-0.24119472535057707,-0.6689316825311987
1592288135.7427087,-0.09369067735982173,0.29245607893134035,0.05032679822443675,0.347380213996934,0.6108485339103773,-0.24073661618549527,-0.6695050144543633
1592288135.7527087,-0.09409701530226387,0.2897044802153304,0.05028268070795321,0.3473364972390195,0.6105818053239797,-0.2407706259377218,-0.669758228797693
1592288135.7627087,-0.09452418099833691,0.28701218025654707,0.050291444328819546,0.34758631259635664,0.6103127987994635,-0.24112270292068705,-0.6697476096756696
1592288135.7727087,-0.09495984646944713,0.2843651522026783,0.050344585255876775,0.34817232468686055,0.6100045359160212,-0.24174226445847508,-0.6695006548379301
1592288135.7827086,-0.0953793205959961,0.2818552704238488,0.05041757176106605,0.3488898232876562,0.6097687108572877,-0.24238322285678085,-0.6691092163936503
1592288135.7927086,-0.09579782050584541,0.2794075044825899,0.05050229378030004,0.3497220835256176,0.6095324347396135,-0.24311373928808402,-0.668625958818563
1592288135.8027086,-0.09619938945849756,0.277078431993854,0.050601167379736606,0.3508181458658094,0.6093262453433994,-0.24394628904205468,-0.6679358131250994
1592288135.8127086,-0.09656949571602444,0.27465490252634933,0.05074297032944835,0.3521909950562242,0.6090758425966833,-0.24485937624812268,-0.6671070984337152
1592288135.8227086,-0.09690958334715283,0.27231873107671134,0.05091851792134741,0.3539305331072335,0.6088024245456071,-0.24602115626930657,-0.6660078240247618
1592288135.8327086,-0.09725679079985403,0.26997321497476795,0.051135836539259356,0.3559212024995241,0.6084419197827913,-0.24746720800972352,-0.664738784124276
1592288135.8427086,-0.0975953655374568,0.2677123756294086,0.05139067988545278,0.3582248110297435,0.6080819147559797,-0.24919661094882653,-0.6631834286432037
1592288135.8527086,-0.0979172023708344,0.26555243303534365,0.05168670368919679,0.36084220727467275,0.6076299769839201,-0.2512748778423293,-0.6613915059814381
1592288135.8627086,-0.0982268326170239,0.26346364348985524,0.052012275728035344,0.3636756723439398,0.6071329468371943,-0.25369742617280194,-0.6593682857592089
1592288135.8727086,-0.09853364157725882,0.2614076502842476,0.052356711013385064,0.3665431843325277,0.6065043385964815,-0.2563736600385026,-0.6573205314288123
1592288135.8827085,-0.09884142783622384,0.2593830228706018,0.05272825333070341,0.36958648674514033,0.6057077097416439,-0.25931559451822533,-0.6551930777308498
1592288135.8927085,-0.09910771954742267,0.2575680626776855,0.053151505622200085,0.373132988644898,0.6047483541546592,-0.262589744732885,-0.6527608132560315
1592288135.9027085,-0.099347704846002,0.25592982341089554,0.0535764029933791,0.37713894614130505,0.6036392047294612,-0.26612864033401584,-0.6500453892433568
1592288135.9127085,-0.09959199285723445,0.2542713540262809,0.05403133774405914,0.3814878941298191,0.6024116500568762,-0.2698663592116805,-0.647099713295763
1592288135.9227085,-0.09984757804474233,0.25254644460273695,0.054524574884318056,0.38607326782072227,0.6010462880349954,-0.2738166950242415,-0.6439827450281532
1592288135.9327085,-0.1001127033612796,0.25081202900979643,0.055043252367387205,0.39090687524315687,0.5996653055971719,-0.27804452895673587,-0.640533560817345
1592288135.9427085,-0.10039104428396217,0.24909915951247769,0.05555549234849859,0.39594126711167876,0.5983735457356074,-0.2827475899299278,-0.6365787570769618
1592288135.9527085,-0.10070041422971142,0.24739610003939783,0.05603983129918827,0.40094666376963295,0.5971949021162943,-0.2878722579999377,-0.6322419921890994
1592288135.9627085,-0.10103125055416354,0.24571372305478673,0.056497573870622014,0.40599414949241236,0.5960144807543757,-0.2930891502034945,-0.6277217508837376
1592288135.9727085,-0.10137148000065062,0.24404786480360427,0.0569326047508625,0.41098232948058416,0.5948147504895058,-0.2982459108212905,-0.6231682342854501
1592288135.9827085,-0.10170939708282042,0.24240338119277102,0.05734853883959135,0.4160431456898556,0.5935210872148048,-0.3031871727710808,-0.6186421065154031
1592288135.9927084,-0.10203961080639949,0.24079366149614412,0.05776383867158624,0.4212770159009824,0.5922370794114666,-0.30811589890336616,-0.6138768650477981
1592288136.0027084,-0.10237861387545132,0.2392031737235029,0.05816075042690951,0.42665418272902916,0.5909290497172601,-0.31317086021081664,-0.6088446112984713
1592288136.0127084,-0.10265905318874394,0.23793272958957448,0.0584502483114331,0.43208739230464843,0.5894523475231226,-0.31841097843908994,-0.6037033627816127
1592288136.0227084,-0.10295283701237044,0.2366592741542323,0.05870943097590669,0.4375643460132421,0.5883494131187403,-0.3236741084711767,-0.5980086812776548
1592288136.0327084,-0.10328118711604413,0.23531667386005978,0.058896304613854755,0.4426971992342093,0.5873275720045731,-0.32932745974149896,-0.5921201063262476
1592288136.0427084,-0.10370258146683671,0.23366627611077442,0.05897000619715817,0.4471959579964785,0.5862152784729543,-0.3352595824238653,-0.5864852244785211
1592288136.0527084,-0.10412457976596434,0.2320175380159329,0.05900843255743063,0.4512936206164289,0.5854225840115638,-0.34083267917419036,-0.5808992425593023
1592288136.0627084,-0.10452316911913191,0.23038779599640585,0.05903186607948128,0.4550294439308826,0.5847354636261695,-0.34582458273584826,-0.5757038111579056
1592288136.0727084,-0.10490804708185723,0.22864788745992712,0.05903909877154741,0.4583661330494965,0.5839370163827997,-0.3500000311192495,-0.5713286658231659
1592288136.0827084,-0.10526973331615767,0.22678255783039047,0.05903815168057895,0.46132109700019613,0.5833815004988905,-0.35292468379645453,-0.5677077567996298
1592288136.0927083,-0.10561181046619857,0.224759246623952,0.058998225155415446,0.4639884817549372,0.5829749914640698,-0.3548443691180241,-0.5647466584762412
1592288136.1027083,-0.10592192531837925,0.2226079768538825,0.05895533366462354,0.4663501699210381,0.582543590685887,-0.3561536858984494,-0.5624195272651709
1592288136.1127083,-0.10617551297101613,0.2203354729372991,0.05892867462479603,0.46843453993698037,0.5821486484116329,-0.35696705196363493,-0.5605770333567511
1592288136.1227083,-0.10640697452623817,0.21797799074059546,0.05890210744900261,0.47034082750821293,0.5817545032592814,-0.3574385684654992,-0.5590869596890795
1592288136.1327083,-0.10661976321682087,0.21554526969113866,0.05887291572414255,0.4720092851655062,0.5812827966426876,-0.3577204109616971,-0.5579908743046724
1592288136.1427083,-0.10682160807760419,0.21302575372915153,0.05885037502703726,0.4733248594029531,0.5808404042117195,-0.35785066713055685,-0.5572526262406542
1592288136.1527083,-0.10701739192351736,0.21040648821668947,0.05883123412686379,0.474329489369549,0.5805529769568258,-0.3578498014015739,-0.5566991294689034
1592288136.1627083,-0.10722219870847416,0.20766471312677956,0.058815602811768924,0.47491523917982165,0.5805700403596843,-0.35776135728059055,-0.5562385816835024
1592288136.1727083,-0.10745492014582808,0.20457589008862898,0.05881127971958456,0.4748161126888667,0.5807704460005444,-0.35767737183428,-0.55616756619334
1592288136.1827083,-0.10768413540446889,0.20137083180108678,0.05882264187875381,0.4742673705407867,0.5812019217353389,-0.3574051202843074,-0.5563601534515703
1592288136.1927083,-0.10788732496000991,0.19814329277847523,0.05884087321171769,0.47357641567215236,0.582032502185248,-0.356634215789884,-0.556575266558746
1592288136.2027082,-0.10805524457748383,0.19481776525285674,0.058872744052228046,0.472764174646406,0.5830140508112596,-0.3553868855445765,-0.5570359267801489
1592288136.2127082,-0.108195590376889,0.19131782770527875,0.05890483637267763,0.4717652273230741,0.5841831445872675,-0.3535615435904176,-0.5578188873732067
1592288136.2227082,-0.10831800507628134,0.18761817161504404,0.058938489475341485,0.47036937256306244,0.5855125078508225,-0.351191764500985,-0.559098833093329
1592288136.2327082,-0.10843240617109705,0.18373937780776195,0.05896605005751453,0.46850378188874564,0.5867650209890308,-0.3484764122575631,-0.5610467568432682
1592288136.2427082,-0.10855676673656275,0.1796765083164093,0.058987903130366635,0.4663760502874331,0.5882092630817571,-0.3454616299806951,-0.5631691095070099
1592288136.2527082,-0.10870045257510645,0.175489025545692,0.059002743707269704,0.4640266990057233,0.5896898927941558,-0.34239329819062936,-0.5654302845694442
1592288136.2627082,-0.10886798487759605,0.171221841639654,0.05902005449118001,0.46143403120282095,0.5912019900898725,-0.3393972430542607,-0.5677736225636041
1592288136.2727082,-0.10904304343201376,0.16695990298241078,0.05904984678269767,0.45861723231401275,0.5927204076627969,-0.3363882084942095,-0.5702579864260419
1592288136.2827082,-0.10921721331081825,0.16266567967299675,0.05906685780870241,0.455619321964753,0.5943792449029036,-0.33323483490241684,-0.572781133104671
1592288136.2927082,-0.1093657384183577,0.158051887354475,0.05906608659141559,0.45233221335977847,0.5959863565895638,-0.32987021514576276,-0.575656024406742
1592288136.3027081,-0.1094685541151872,0.15339574569682415,0.059070034030638804,0.4489397897018465,0.5976406512729302,-0.3261513662500138,-0.5787082444954019
1592288136.3127081,-0.1095302004930025,0.14895185663753288,0.059035438594653995,0.44547561671103486,0.5993160062187041,-0.3219136700329577,-0.5820161420476694
1592288136.3227081,-0.109565167566621,0.1443908677324451,0.05895560970438276,0.44201678179130116,0.6010945227070177,-0.31712945445226065,-0.5854365085123504
1592288136.3327081,-0.10957973079066834,0.13973077728156455,0.058833392125387296,0.4386749869341377,0.6028095825860298,-0.31205121856363427,-0.5889050199018687
1592288136.342708,-0.10958110589193668,0.13499783376795085,0.05867435326693591,0.4354749336543116,0.6045766305356772,-0.30672261216885,-0.5922572686231178
1592288136.352708,-0.10958094413746505,0.1301539506278851,0.05848935761624856,0.4321894524429736,0.6062952426451268,-0.3012564653922525,-0.5957034172214231
1592288136.362708,-0.1096064377280094,0.1251957095386751,0.05825804203183728,0.4287343621936611,0.6081093997661252,-0.29586475285901376,-0.5990439421795861
1592288136.372708,-0.10967363185308665,0.12017657667747605,0.058001447082293316,0.42500901491592513,0.6098276016565558,-0.29077400350258936,-0.6024343939915238
1592288136.382708,-0.10978418839730586,0.11518088353957709,0.05772717222516602,0.421148054451611,0.6115543347276887,-0.2859307341739919,-0.6057044062596741
1592288136.392708,-0.10993701824976052,0.11021410267675323,0.05744841826099766,0.4172498264792071,0.6131219404933717,-0.2814406635842246,-0.6089118644177889
1592288136.402708,-0.11009713419289356,0.10548850314518879,0.057136049177764305,0.41330195611946513,0.6147599832476845,-0.2769561984419803,-0.6120001247028851
1592288136.412708,-0.11027829498328894,0.10068638372165632,0.0568059949383064,0.40891444543106653,0.6161486936073194,-0.27252548653633096,-0.61553062659118
1592288136.422708,-0.11048702519881941,0.0958892723310634,0.05643715922798786,0.40413558806190125,0.617517070261985,-0.267955691534639,-0.61930959109515
1592288136.432708,-0.11072121318397693,0.09114869226609496,0.05605173657227471,0.39955243901192355,0.6186938201542752,-0.26356456395782973,-0.6229822741258428
1592288136.442708,-0.11095617162951213,0.08655806127606216,0.05566351631120298,0.3956829852445287,0.6197516564964438,-0.25931241296076313,-0.6261768968577218
1592288136.452708,-0.11119754908226996,0.0820075429195728,0.055269404025658296,0.3921072474853828,0.6206503503570062,-0.2552955753711408,-0.6291797405494072
1592288136.462708,-0.11146319475447021,0.07746567472473807,0.054898328910875385,0.3889541025030808,0.6212871589408862,-0.2518324327647807,-0.6318985968919318
1592288136.472708,-0.11175284357408467,0.0729888450631286,0.0545686805898358,0.3860974428028795,0.6221288204194958,-0.2485749756724319,-0.6341084703428486
1592288136.482708,-0.11208475298559023,0.06850610402057147,0.05422657940623465,0.38292573557750886,0.6228258975829711,-0.24561928005802738,-0.6364944371422501
1592288136.492708,-0.11245992441284912,0.06407033238881137,0.0538745889904877,0.3796520640386325,0.6235775879852989,-0.24275308845300939,-0.6388155829153394
1592288136.502708,-0.11284655404533298,0.05973836565463865,0.053527751009069535,0.37648770046130253,0.6242579431039569,-0.24017632087661367,-0.6409938963874581
1592288136.512708,-0.11322951178689433,0.0555630944722453,0.05321243416202664,0.3734670571990483,0.6247385897195243,-0.2379953064531025,-0.643102243457384
1592288136.522708,-0.11360658337227338,0.05150621868347074,0.052939709731650283,0.37075690700079145,0.6249471953855849,-0.23633800433005336,-0.645076416000194
1592288136.532708,-0.1139716640028819,0.047588102869030965,0.05271364363063359,0.36852883728844965,0.6249677145965125,-0.2350796826209748,-0.6467910613961596
1592288136.542708,-0.11432552944384035,0.0437745127697876,0.05252714925722794,0.3666948964860915,0.6247931750868161,-0.2340429964880565,-0.6483759554435125
1592288136.552708,-0.1146767165546941,0.040050237424817274,0.05236717744419489,0.3654511335598603,0.6245810265422993,-0.23315025330287648,-0.6496033968000755
1592288136.562708,-0.11504149166057276,0.03635138856681495,0.05222984442805314,0.36449529549030557,0.6243176519140025,-0.2323364474392644,-0.6506847514770074
1592288136.572708,-0.11544220154631878,0.03265193912973326,0.052123986424829766,0.36367524086578173,0.6240349415304834,-0.23176835911501156,-0.6516166391380597
1592288136.582708,-0.11587680676829155,0.029036545925498026,0.05207111461638211,0.36319229213065435,0.623714609646705,-0.23163398486615386,-0.6522397786562801
1592288136.5927079,-0.11633500759971728,0.025537824518642845,0.05208137381414704,0.3630880735265795,0.6233302762475005,-0.23212509138539705,-0.652490984496679
1592288136.6027079,-0.11679334208462008,0.022229605891935195,0.05216491505100321,0.3632669251072332,0.6228164313207826,-0.23319107709229667,-0.6525013818321773
1592288136.6127079,-0.11725279398504863,0.019082631431969428,0.05229812245947522,0.36382590409485066,0.6220232803105415,-0.23480500609883642,-0.6523680419630578
1592288136.6227078,-0.117702800336007,0.016089774663333667,0.05247967876633723,0.3647705309562541,0.6211404247060636,-0.23672735360552447,-0.6519870675180356
1592288136.6327078,-0.11815495698025863,0.013196332763451495,0.052711160165428136,0.3661240610980057,0.620165633445778,-0.2389839430987774,-0.6513331461057431
1592288136.6427078,-0.11861498823986738,0.010391849283978696,0.05298568872389917,0.3678227824829075,0.6192110796387313,-0.24143211360987057,-0.6503807932942801
1592288136.6527078,-0.11906922151583035,0.007733358710315897,0.05328372645954211,0.36994614913940416,0.6182705335362092,-0.2441010612397492,-0.6490732815741054
1592288136.6627078,-0.11951360454326163,0.005204951824316608,0.053607591365867076,0.3724058229875087,0.617220809116101,-0.2469577050831859,-0.6475828216125314
1592288136.6727078,-0.11995131774185322,0.0027735972143362636,0.053948328914302575,0.3752159375844717,0.6161552115321318,-0.24994224968312645,-0.6458279432286883
1592288136.6827078,-0.12040276771557207,0.00038460156756897287,0.05429059301482417,0.37831643148250904,0.6151248156550283,-0.25306067164381807,-0.6437833394753597
1592288136.6927078,-0.12079980856604339,-0.0015522880012182137,0.054566466411060645,0.38167451748430575,0.6140373670009971,-0.2565003055328041,-0.6414752487413553
1592288136.7027078,-0.12126125424483736,-0.003737778592181473,0.05492714846894897,0.38509211134817156,0.612979772246121,-0.2600428712816405,-0.6390124903158392
1592288136.7127078,-0.1217082198828411,-0.005774002063046542,0.055208994747327704,0.388485003058361,0.6117857217124438,-0.26377037003086534,-0.636571235473823
1592288136.7227077,-0.12214346351230297,-0.007730704571116264,0.055462250838205614,0.3919908313698327,0.6104783753533748,-0.2676150248270263,-0.6340666744106734
1592288136.7327077,-0.12255050150718101,-0.00951806420784843,0.05566901242845199,0.39568633581410234,0.6089366836014185,-0.2716910299840749,-0.631514958467062
1592288136.7427077,-0.12292696625755851,-0.011184047859707506,0.055877419853098596,0.39949096625893105,0.6072427188449856,-0.2758204986140786,-0.6289555897625105
1592288136.7527077,-0.12326916683305023,-0.012778892672925887,0.05612514971594087,0.40337402559995134,0.6054019756242599,-0.2800258505397578,-0.6263876973933216
1592288136.7627077,-0.12359567251745911,-0.014432287031753838,0.05635681241225192,0.407468426005179,0.6035546555026827,-0.2841314382758522,-0.6236647822996385
1592288136.7727077,-0.12386861285210335,-0.015995916685525562,0.056681511025539366,0.41162568192739146,0.6018162726594746,-0.28807508530963777,-0.6207998092364028
1592288136.7827077,-0.12412713482351125,-0.017599448778308404,0.056992695955138416,0.4156618535596227,0.6001673799284244,-0.2919417590598751,-0.6178931640428547
1592288136.7927077,-0.12436733057945243,-0.0191633866491017,0.057268595953032034,0.41945050504509224,0.5985609645615926,-0.29566934008011636,-0.615112322450883
1592288136.8027077,-0.12460822436364324,-0.020746353348294205,0.05747156498479654,0.4228876421239945,0.5969805925621545,-0.29923860001427766,-0.6125642329467398
1592288136.8127077,-0.1248333475300963,-0.02223125140396511,0.057567536193016286,0.4261250503808149,0.5953274701837802,-0.302680735825577,-0.6102336543917348
1592288136.8227077,-0.12504385639080817,-0.023761113628577957,0.05763356894370175,0.4292192159587174,0.5937204769972704,-0.30609668825878567,-0.6079227070450357
1592288136.8327076,-0.12523986163877268,-0.02528863073126876,0.057736893400720427,0.4321752010874092,0.5920739554918123,-0.30933255686085237,-0.6057928707468453
1592288136.8427076,-0.1254240386658759,-0.026874554806834892,0.057853225580777816,0.435108357682705,0.5905190673406508,-0.31234372179242015,-0.603661857345253
1592288136.8527076,-0.12560419466512798,-0.028588344952586796,0.05794521422135231,0.43779069104144647,0.5890307901141447,-0.3150732928185762,-0.6017557177519289
1592288136.8627076,-0.12577599866461087,-0.030348202718507727,0.058021074889203286,0.44028446033370194,0.5876908592275074,-0.31750343245759577,-0.5999668707595871
1592288136.8727076,-0.1259402389246628,-0.03215768676779269,0.058079976892251334,0.4426725786127217,0.5864566000530825,-0.319706362316665,-0.5982444415698325
1592288136.8827076,-0.12609562903040178,-0.03403269133666366,0.058136417284081865,0.44496442391893176,0.5853632163821487,-0.32169075425788884,-0.5965493037929802
1592288136.8927076,-0.1262446785406189,-0.035980827132897734,0.0581660167879639,0.4471828289479745,0.5844181165623601,-0.3234348702675923,-0.5948713762137114
1592288136.9027076,-0.1263935754234501,-0.03801241522694519,0.058187788471843756,0.4491520778494321,0.5836832801620933,-0.32501278093715635,-0.5932471152240218
1592288136.9127076,-0.12655637616135876,-0.04021228040940461,0.05821087526233891,0.4508879040298109,0.5831746599836544,-0.3264450003086228,-0.5916422262660667
1592288136.9227076,-0.12676392558343919,-0.042786862901306434,0.058233871743077335,0.4523446355790376,0.5828917456458313,-0.3277099631068127,-0.5901082466757503
1592288136.9327075,-0.1269933672368226,-0.04544651457107144,0.05825152545954361,0.45346566988697184,0.5828109241351607,-0.3286475093568837,-0.5888043023464089
1592288136.9427075,-0.12724769074457787,-0.048208861039589636,0.05826513881360477,0.4542520859342988,0.5829661524968354,-0.3293042906265091,-0.587676632533082
1592288136.9527075,-0.12752004118188748,-0.051038581880239166,0.058277833657742285,0.45481650612925834,0.5833075327676404,-0.32985278127820217,-0.586592700677034
1592288136.9627075,-0.12780121416695403,-0.05391137865858551,0.05828857488051303,0.45513782915201567,0.5838043060711638,-0.3302486583040314,-0.5856257373307737
1592288136.9727075,-0.12808521189324468,-0.05684463120893734,0.058299169731434466,0.45512977278839467,0.5844737988580629,-0.33047210998835835,-0.5848381866721599
1592288136.9827075,-0.12837807452698244,-0.0598831717679056,0.05830755800528858,0.45481809052538025,0.5852638515807235,-0.3304733542100549,-0.58428911473606
1592288136.9927075,-0.12874041504846986,-0.06324072358943071,0.0583206370168629,0.45419739961800126,0.5862573862327125,-0.3301065543617843,-0.5839834541439115
1592288137.0027075,-0.12915324963080296,-0.0668396973000609,0.058340774522066575,0.45330419056511967,0.5874000277544704,-0.3292573341325057,-0.5840087128652279
1592288137.0127075,-0.12958353867278655,-0.07054940697694734,0.05836354920112205,0.4521524462178213,0.5887157998650273,-0.32809145144068974,-0.5842326747411388
1592288137.0227075,-0.13003473632534127,-0.07435039282248092,0.05838504877640374,0.45076560126039605,0.5901740805186911,-0.3267322266863082,-0.584594186443477
1592288137.0327075,-0.13047971610735218,-0.07798405972289112,0.05839824600554985,0.449300556729025,0.5915469714917405,-0.32558812568117496,-0.5849723857796276
1592288137.0427074,-0.1309175409093924,-0.081550234877825,0.05840712029423353,0.44772234591882504,0.5930818019673699,-0.32447177582860054,-0.585248515048572
1592288137.0527074,-0.13134695849130276,-0.08513463536503287,0.058411223329573096,0.44561361994685283,0.5944838292976039,-0.3234806232803632,-0.585984547591254
1592288137.0627074,-0.13174331928272415,-0.088686298238925,0.05840930849280223,0.44315415683058845,0.5959340503247428,-0.3221850816177885,-0.5870891582943837
1592288137.0727074,-0.13210208486064656,-0.09225610866374007,0.05838521521830453,0.4406207210461903,0.5974901060571814,-0.32062915765559286,-0.5882655473958255
1592288137.0827074,-0.13242373888304834,-0.09590560003708366,0.05834794890092137,0.4379851438554833,0.5990399367338264,-0.3187215153857052,-0.5896922997637093
1592288137.0927074,-0.1327075258742748,-0.09955968578352632,0.058298600825337235,0.43523352442989743,0.6005766925261133,-0.31641522690497104,-0.591405743034256
1592288137.1027074,-0.1329703783533772,-0.1031763698654569,0.05823210783850558,0.43244981851843156,0.602122224653152,-0.313993529107904,-0.5931639255217038
1592288137.1127074,-0.13324208873443064,-0.10696219421358454,0.0581497138785081,0.4296906723035085,0.6036783414587336,-0.311481367737339,-0.594909262033565
1592288137.1227074,-0.13352536916091537,-0.11097344341925731,0.05804687806234527,0.42696200413439933,0.6051668192369833,-0.30886060937236814,-0.5967249885137857
1592288137.1327074,-0.13379225872021722,-0.11496998335125574,0.057928783277198644,0.4240844268250269,0.6066637015002221,-0.3060595757073174,-0.5986965309989394
1592288137.1427073,-0.13403791489187908,-0.11897040517380504,0.057812623464049875,0.4210152581808926,0.6081561918039196,-0.30299236724914774,-0.600905228575326
1592288137.1527073,-0.13426828611341934,-0.12306167028544904,0.0576703915459856,0.41786783073755956,0.6096822919653779,-0.299757289624631,-0.6031736119845261
1592288137.1627073,-0.13448329291860583,-0.12719860083917872,0.05747396772648729,0.4145807233407972,0.6112746814004434,-0.2962487066279957,-0.6055586348539478
1592288137.1727073,-0.1346933301349773,-0.1314285533466754,0.057258775681259096,0.4111566448089235,0.6128331698660625,-0.29261808852416443,-0.6080774361681683
1592288137.1827073,-0.13490597427871862,-0.135734413952129,0.057010755024607236,0.4076145705999146,0.6144682409317781,-0.28876690175491987,-0.6106479573022863
1592288137.1927073,-0.135119269649042,-0.13969371193708507,0.056750232631057586,0.4039508192808294,0.6161510509782567,-0.284873594229442,-0.6132099579364135
1592288137.2027073,-0.1353572258531419,-0.14388969885949787,0.05645927812330614,0.4001993171364867,0.6178655040617926,-0.2809205965382246,-0.6157631028013697
1592288137.2127073,-0.13560326704250183,-0.14817395963821264,0.05613646884620148,0.39637487740691246,0.6196470422122576,-0.2768446928533903,-0.6182871401031532
1592288137.2227073,-0.13585242225736235,-0.15248171256967574,0.05579037885158178,0.39256384174509734,0.6213828796483393,-0.27281567594657724,-0.6207625464948071
1592288137.2327073,-0.13609203983864934,-0.15673527099231083,0.05545987162888968,0.3890513852883914,0.6230531475747683,-0.2689887083582053,-0.6229661646885039
1592288137.2427073,-0.1363177388892298,-0.16095038216797006,0.05513584046638074,0.3859119343784413,0.6245244784423325,-0.26536976039941135,-0.6249947373602038
1592288137.2527072,-0.13654163504310013,-0.16521801921911394,0.054806132165925836,0.38287131692551213,0.6258492174740534,-0.26188584009836846,-0.6270054102913603
1592288137.2627072,-0.13678768622277676,-0.16959683476116946,0.05447692328800968,0.3798289762786566,0.6271178454151916,-0.2586222739766994,-0.6289403518527501
1592288137.2727072,-0.13707147918655535,-0.17401585405800116,0.054153810576252626,0.37676750894994937,0.6284251708911597,-0.2554633947572216,-0.6307655236663914
1592288137.2827072,-0.13739413301184664,-0.17840698953096715,0.053827282098267426,0.3736790287044119,0.6298706314126834,-0.25234307196108796,-0.6324150521087774
1592288137.2927072,-0.13777133891708337,-0.18291368587606663,0.05350422955571613,0.3704263729016214,0.6314872259475325,-0.249005159615003,-0.6340371391966407
1592288137.3027072,-0.1381617606363877,-0.18725155124931409,0.05318624255815438,0.3671551647613713,0.6332509021298031,-0.245563940412679,-0.6355205005910773
1592288137.3127072,-0.13855193933186755,-0.1914404969777469,0.05286560496527647,0.3638845063034579,0.6351408162849249,-0.24202079075003452,-0.6368738970055191
1592288137.3227072,-0.13894670718397498,-0.19557911362559527,0.05252912036405025,0.3606627977963139,0.637115772550565,-0.2385051082452141,-0.6380595526135543
1592288137.3327072,-0.13935303333742638,-0.19971952182745745,0.05217142783627397,0.35751795101866335,0.6391089698020372,-0.2352727497471702,-0.6390348234070142
1592288137.3427072,-0.1397552220866142,-0.20374612910276443,0.051819469587977354,0.35447082582504785,0.640892672583023,-0.2323365010502964,-0.6400197408711338
1592288137.3527071,-0.14013340572254615,-0.20762465889335066,0.05149696864780052,0.35169038313553536,0.6425176510006384,-0.2296897820330858,-0.6408799578536973
1592288137.3627071,-0.1404832307023898,-0.21139131921982507,0.05119914256078106,0.3490664154220419,0.6438627459892705,-0.22734696496410062,-0.6417993163070608
1592288137.3727071,-0.1408262196465237,-0.21518102454433896,0.050911078970073555,0.34651432660354764,0.6449931435930009,-0.22540788317953037,-0.642730749681208
1592288137.382707,-0.1411701344881891,-0.2189397439743857,0.05064457507500712,0.3441649071901619,0.6459589897824936,-0.22370512046697336,-0.643616913287465
1592288137.392707,-0.14145339920478278,-0.2224146614521979,0.05042935637772884,0.3422561593577199,0.6469312988073815,-0.2222588348722058,-0.6441593113098292
1592288137.402707,-0.1416814395733027,-0.22565188149215068,0.05026814741886851,0.34068311133331347,0.6478038113160576,-0.22108349770177096,-0.6445217511010286
1592288137.412707,-0.141906829728752,-0.2288284419083136,0.05014299382966752,0.3394981592118473,0.6485478983116113,-0.22039309023822165,-0.6446349871867177
1592288137.422707,-0.142160419566171,-0.2322711882933354,0.050040753201694356,0.33858264945218136,0.6490776624876395,-0.2200432600705494,-0.6447027903503378
1592288137.432707,-0.14241156540776184,-0.23567909890724706,0.049970441264599354,0.33778256799436435,0.6495213788693691,-0.21980529030892482,-0.644755953583189
1592288137.442707,-0.1426435646766955,-0.2389718768291766,0.049921375160673256,0.33714770772542263,0.6497710941609268,-0.21983910659048217,-0.6448242753287414
1592288137.452707,-0.1428445802125308,-0.24214306182401835,0.04989168800403412,0.33673252668148007,0.6498113376405698,-0.22002675281139686,-0.6449369283718903
1592288137.462707,-0.14301699095715295,-0.24526640660802806,0.04988903085429917,0.3365457784810014,0.6495666630256972,-0.2204508594324624,-0.645136708452449
1592288137.472707,-0.14316834113983024,-0.24837742832114884,0.049910538507098666,0.33658994603685616,0.6491643561567493,-0.22097187284783928,-0.6453406588525016
1592288137.482707,-0.14330705808669283,-0.2514609440263544,0.049959835596587274,0.33688365800699754,0.6485621539982074,-0.22171348295127638,-0.6455373841080299
1592288137.492707,-0.14343002626018872,-0.2544823156849255,0.050044926312318536,0.33750680991461096,0.6478609695717328,-0.22265427646177327,-0.645592897431719
1592288137.502707,-0.14353002724022618,-0.2573442077216308,0.05017089045648023,0.3385011299936325,0.6470998477948046,-0.22375499424738918,-0.6454552299456661
1592288137.512707,-0.14361590660611837,-0.26019280172568776,0.05032253540462434,0.3396426343450455,0.6462408709078376,-0.22499629757756806,-0.645284122626036
1592288137.522707,-0.1436871850395825,-0.26296333814295314,0.0504937686835334,0.3409244744438552,0.6452347138500503,-0.2265082659284996,-0.6450865411373963
1592288137.532707,-0.14374034521585266,-0.2656281421217327,0.050686153169234326,0.34235837937222974,0.6440914371286003,-0.2281824698226784,-0.6448796032088157
1592288137.542707,-0.14378390457046633,-0.2682818300158728,0.05090482190839325,0.3438946570278414,0.6428508525707042,-0.2300902086024393,-0.6446214128483801
1592288137.552707,-0.1438313044081756,-0.2709204998885212,0.051150977790895454,0.3455452107930184,0.6414534169181034,-0.23225992780697033,-0.6443525915924172
1592288137.562707,-0.14387746682425015,-0.27342724901860616,0.0514094590191494,0.3474008372329678,0.6398734622100979,-0.23463342316097519,-0.644066373497419
1592288137.572707,-0.14391816198428667,-0.2758133117746493,0.051678014702939076,0.34944041460857383,0.6381833346973969,-0.2372300406712133,-0.6436884201608082
1592288137.582707,-0.14395796259426627,-0.278173935304341,0.05196949956493115,0.35152617216711063,0.6363747609797629,-0.23996265354688107,-0.6433299622171416
1592288137.592707,-0.14401829147081419,-0.2802535961858726,0.05225271601110827,0.3538103842709363,0.6344678339277028,-0.24297478547488563,-0.642830214934036
1592288137.602707,-0.1440974725676414,-0.2823407538805906,0.0525687344958107,0.3562340211159514,0.632472941103625,-0.24618689309796626,-0.6422348336330401
1592288137.612707,-0.144210168593706,-0.28456924673093115,0.05294890538009003,0.35879284456795413,0.6303765892147865,-0.24971824484557043,-0.641507999405188
1592288137.622707,-0.14435445829049248,-0.2866638624172622,0.05336946746071725,0.36166038365933045,0.6282929182762186,-0.2534523506968332,-0.6404765782290591
1592288137.6327069,-0.14451692499245988,-0.28867469265165946,0.05380475786580718,0.36482637694175346,0.6264110078394111,-0.2571357216900316,-0.6390540625841657
1592288137.6427069,-0.14467685344273057,-0.290635134818455,0.05423227887360222,0.3680657411624998,0.62468856543637,-0.26065969255454313,-0.6374532052601708
1592288137.6527069,-0.14482196886783327,-0.29249819897405993,0.05462383845018881,0.37122210569031555,0.6230446411819036,-0.2639514397297236,-0.6358755924627492
1592288137.6627069,-0.144936819197145,-0.2940930749468571,0.054916300103236684,0.3743687638583316,0.6213786338170425,-0.26694589574247374,-0.6344092637425565
1592288137.6727068,-0.14505031238609972,-0.2957134098257739,0.05518846043568736,0.37730186765797247,0.6196903871251682,-0.26979158907370915,-0.6331185016501524
1592288137.6827068,-0.14516414231218286,-0.2973111963709029,0.05545820192214645,0.38020807263254214,0.6178282666877938,-0.27273756147241274,-0.6319354966126609
1592288137.6927068,-0.14528379425698082,-0.2988654666666741,0.05572942282357134,0.38315339837792756,0.6159926260137952,-0.27573207843537173,-0.6306484667605695
1592288137.7027068,-0.14541644418899913,-0.3003598503923435,0.05598015498323529,0.3861573692975372,0.6141419939169238,-0.2787307686892296,-0.6293010891626672
1592288137.7127068,-0.1455451662980762,-0.3017851626877192,0.05622309716587421,0.3891893078444121,0.612449623616415,-0.28159779527096995,-0.6278049193660349
1592288137.7227068,-0.14566790019552014,-0.3031625530226409,0.05644683842515004,0.39240948144272486,0.610770324141725,-0.2845277905996599,-0.6261135337736816
1592288137.7327068,-0.14576340126407655,-0.30433377008472473,0.05661631285688143,0.3958127886668441,0.6091270735219075,-0.2873827662206174,-0.6242649811112644
1592288137.7427068,-0.14582803904962385,-0.3053395724233022,0.056763296753435805,0.39936650631499,0.6074322338421978,-0.2902372644048067,-0.6223307728431196
1592288137.7527068,-0.14587508857237022,-0.3062775313102689,0.056907516629682235,0.40314410876957985,0.6056421209570678,-0.29333456064230773,-0.6201825382281528
1592288137.7627068,-0.14591620918431775,-0.30715513327377764,0.05704986360970157,0.4069427498575472,0.6037449560325012,-0.29660431177376567,-0.6179923405550294
1592288137.7727067,-0.1459535203578354,-0.30799064276182897,0.05719150935778064,0.41062074476425553,0.6016227013833719,-0.2999792725604125,-0.6159973234132209
1592288137.7827067,-0.1459780558931426,-0.30877745337655405,0.05732605560356242,0.41414723395636704,0.5993700790668146,-0.303372558272435,-0.6141683686043746
1592288137.7927067,-0.1459950111986883,-0.3095026613586305,0.05747970398086783,0.4174741137912697,0.5970107085460831,-0.30675989933631287,-0.6125294181371109
1592288137.8027067,-0.14600851248690894,-0.3101630960796567,0.057651109280624085,0.4206254013198063,0.5946175913826799,-0.3102436146287334,-0.6109439295633573
1592288137.8127067,-0.14600788954963048,-0.31080464882213465,0.05780458366152746,0.42367817034205946,0.5922199821190203,-0.3136084820565288,-0.6094434365607374
1592288137.8227067,-0.145993309715691,-0.31143185367465315,0.05793188352162762,0.4267421626674947,0.5899066450406061,-0.31673851186415075,-0.6079282675409043
1592288137.8327067,-0.14597132784882008,-0.31205561175394614,0.058011831713068014,0.4297623210102833,0.5877021510349231,-0.31953750136600345,-0.6064693526072252
1592288137.8427067,-0.14594000611824365,-0.31264745371373376,0.058064616008314904,0.43245641327262235,0.5855800755135449,-0.3220389511669547,-0.6052838225990395
1592288137.8527067,-0.1458945264310162,-0.3131982711227485,0.058103804089291826,0.4347531074442045,0.5834186432785716,-0.32433696358230196,-0.6044976052208776
1592288137.8627067,-0.14582594354231093,-0.313702639744568,0.058132089504927625,0.43679058334833837,0.5812203757662077,-0.3265706281904492,-0.6039434149318781
1592288137.8727067,-0.14572963927546975,-0.3141647863463584,0.05814892610276825,0.43875616533406575,0.5789000061816666,-0.3288422271489265,-0.6035144847111473
1592288137.8827066,-0.14560846658842638,-0.3145943091953141,0.0581603090414235,0.4407254711929059,0.5764349584311235,-0.33111415294389895,-0.6031970680853943
1592288137.8927066,-0.14547521230958108,-0.3150064216526206,0.0581567630309729,0.4427702483235287,0.5739099815260489,-0.3333962637256747,-0.6028500104411488
1592288137.9027066,-0.1453416063455016,-0.31540971089472564,0.05813374686292929,0.4449453148387894,0.5713314474865385,-0.3356454365132193,-0.602449873534571
1592288137.9127066,-0.1452036457585542,-0.31578224428641644,0.05811017341213098,0.44707079234354014,0.5686815265422038,-0.3379675740489783,-0.6020845175909249
1592288137.9227066,-0.14505947786975174,-0.3161117648845343,0.05807902075282228,0.4493776106732804,0.5657710530823796,-0.34064254012486134,-0.6016016146533999
1592288137.9327066,-0.14491638792172584,-0.31642522247876576,0.05798471223607393,0.4522872648465899,0.5626666158203305,-0.3437007078671457,-0.6005917700156084
1592288137.9427066,-0.14476390055364927,-0.31668041654603113,0.057847171305637525,0.4558371490492024,0.5593906758734463,-0.3469111823381217,-0.59912024165519
1592288137.9527066,-0.14460185879711185,-0.316857776023731,0.05766605115661124,0.45978530883804086,0.5560088407812718,-0.3501501474623132,-0.5973640808854608
1592288137.9627066,-0.144452686452926,-0.3169515455833782,0.05737023323993187,0.4643850788700646,0.5521533365713943,-0.35423852519931576,-0.5949645415645797
1592288137.9727066,-0.14433558138973873,-0.31691499663059025,0.05704746969397096,0.46978178930628567,0.5483748550140694,-0.35881904771850887,-0.5914675849356819
1592288137.9827065,-0.14426867340853425,-0.3167624894072994,0.056743971557072614,0.47527174705895603,0.5448095476549157,-0.3634601303525337,-0.5875298416930662
1592288137.9927065,-0.14425877995246908,-0.3166283692065175,0.05640714664957457,0.48028519723657975,0.541066917153252,-0.3684354375548672,-0.5838012621134661
1592288138.0027065,-0.14430592085614533,-0.31643652639426867,0.056042588599595225,0.4849941513002153,0.5376204612726088,-0.3734175113711762,-0.5799136754982492
1592288138.0127065,-0.14441994856296117,-0.31615121442826816,0.055656954355182406,0.4894337507672563,0.5345003222997822,-0.37853272482777034,-0.5757366841112302
1592288138.0227065,-0.1445957014539114,-0.3158529088846116,0.055259910551064266,0.4934746260518532,0.5314663258966978,-0.3837578157869315,-0.5716228687481199
1592288138.0327065,-0.1448207781063324,-0.31554425564798455,0.054857513492130076,0.4971162535851905,0.528785168862899,-0.3887520728950893,-0.567565902429675
1592288138.0427065,-0.14507547113118263,-0.3152441367936119,0.054471831221811214,0.5002233009904201,0.5266693310717632,-0.3933655231823241,-0.5636109494280933
1592288138.0527065,-0.1453383198723963,-0.31497853282211186,0.05412010181607206,0.50240540537999,0.5246340881343148,-0.39786887871437193,-0.5603979464061902
1592288138.0627065,-0.14558309784541495,-0.3147528481075015,0.05379865093139854,0.5039682734987729,0.5227539911245048,-0.4019924814162042,-0.557803865262788
1592288138.0727065,-0.1457930992960323,-0.3145357753244888,0.05348374645939364,0.5055148626328901,0.5212440632286356,-0.40537866817438506,-0.5553618494302933
1592288138.0827065,-0.1459674106447228,-0.3143410265530404,0.05318006859562252,0.5072305736813943,0.5201177573261706,-0.4082157336033325,-0.552770172439119
1592288138.0927064,-0.1461085656333536,-0.3141726368081372,0.05287427721615119,0.5088037296008895,0.5186164632360474,-0.4110420674799174,-0.5506359792464313
1592288138.1027064,-0.1461810438433454,-0.31404694382811515,0.0525765069786476,0.5105188072901287,0.5168723147747664,-0.4134988839435631,-0.548845132027959
1592288138.1127064,-0.14620765010029005,-0.31395237114829466,0.05232367232251499,0.5129026028136199,0.515538154947346,-0.4152576875616002,-0.5465458291933325
1592288138.1227064,-0.14620473689299193,-0.3138621061755479,0.052053359717997405,0.515289507982004,0.5139122131031437,-0.4171558772896061,-0.5443815690917994
1592288138.1327064,-0.1461630853006507,-0.3137757007911784,0.05176463541602019,0.5175319400097449,0.5119007963620698,-0.41931026936809357,-0.5424921938355726
1592288138.1427064,-0.1461088850638808,-0.31368883726099284,0.05147289203340432,0.5201937856007484,0.510299886461872,-0.42103408823152066,-0.5401131179148483
1592288138.1527064,-0.1460786801454311,-0.31359923643522786,0.051184277345925566,0.5228970374814026,0.5089955777759917,-0.4227655944754924,-0.5373739099567114
1592288138.1627064,-0.1460792342864681,-0.31349704072644285,0.05088395221518862,0.5252321129523824,0.5075777410915997,-0.42493801960896305,-0.5347172030955671
1592288138.1727064,-0.14610318715543213,-0.31336915709216323,0.050581227279595686,0.5274959114873258,0.5059924181011192,-0.4271336129411441,-0.5322375901644335
1592288138.1827064,-0.14615543664029218,-0.3132069263366587,0.050243503050068195,0.530196082021144,0.5048611620073085,-0.428958137802307,-0.5291521194399745
1592288138.1927063,-0.14618790265588222,-0.31307836802021954,0.04994593293754469,0.5328555369111746,0.5037035137576011,-0.4310005853250326,-0.525913334837576
1592288138.2027063,-0.14625944538508512,-0.31294531789271374,0.04961985086656981,0.5353383056906758,0.5025262045449522,-0.43324987468964804,-0.5226608752320733
1592288138.2127063,-0.1463683416793763,-0.31279866903740833,0.04925796044154781,0.5376859800203839,0.501387040588811,-0.43543587630627456,-0.5195185501524738
1592288138.2227063,-0.14649239464608582,-0.31265050458286764,0.048910925104773684,0.5399400497514911,0.5004521406577774,-0.43745749373843157,-0.5163736122017891
1592288138.2327063,-0.14662543109636844,-0.3124967658181367,0.048579348712795976,0.5418510246427969,0.4994779495617621,-0.4396051870954865,-0.5134840128021979
1592288138.2427063,-0.146758487168314,-0.31232740658713015,0.04826127265877283,0.5434133857430195,0.498407067661606,-0.44184541746941836,-0.5109439358843864
1592288138.2527063,-0.14687453965005925,-0.3121357656556166,0.047959834840220615,0.5448691827410982,0.4973144967035954,-0.44399136005763523,-0.5085928490001733
1592288138.2627063,-0.1469733905313857,-0.31193084113641045,0.04766965189966654,0.5462906717054947,0.4962121247361836,-0.4460255519431645,-0.5063606020648205
1592288138.2727063,-0.14705872755527322,-0.3117404618721081,0.047445389577477265,0.547501136341566,0.4952611231476636,-0.44771752634062234,-0.5044867136442793
1592288138.2827063,-0.14708638768154964,-0.3117159045744284,0.047417415689850834,0.5477002937141459,0.4959314955429805,-0.44745670057144127,-0.503844550857162
1592288138.2927063,-0.14710642082042438,-0.3117558543451822,0.04743558061121732,0.5472405095090345,0.4959293724820389,-0.44793975139723574,-0.5039171057054207
1592288138.3027062,-0.14713377479728335,-0.3117927862732165,0.047454621465090115,0.5471699446286533,0.49628413964063345,-0.44801690227120317,-0.5035754751844742
1592288138.3127062,-0.14718200827892253,-0.31184524064853447,0.04748065802993408,0.5470611313189893,0.4966911208051982,-0.4481734451997111,-0.5031529070197838
1592288138.3227062,-0.14723798929392928,-0.31192420938396015,0.047515066330779517,0.547031039097544,0.4971785130660008,-0.44822574142509597,-0.5026571844636232
1592288138.3327062,-0.1472713178669098,-0.312005659157861,0.04754664169912067,0.5471194218693818,0.4975999812342691,-0.4481843513429777,-0.5021812055987366
1592288138.3427062,-0.1472829945545766,-0.31209271425536866,0.047577582324955014,0.5472800973583576,0.49795481183880114,-0.4480625141169489,-0.5017630795092822
1592288138.3527062,-0.14728447477209916,-0.31219076198120593,0.047612765390923836,0.5474044600309886,0.49823911577450436,-0.44795996539032984,-0.5014358955575837
1592288138.3627062,-0.14727705134149477,-0.31228325916528443,0.04764840460778583,0.547433892974452,0.4984107928897312,-0.4479801323514092,-0.5012153705096424
1592288138.3727062,-0.14726242152853078,-0.31235621470682123,0.047677978927717295,0.5473750292478985,0.4984797263977342,-0.44806961569838,-0.5011313550537215
1592288138.3827062,-0.14723996135182285,-0.3124155395416003,0.04770375450023258,0.5472652394698485,0.4984680579528891,-0.44817376053015145,-0.5011694439616838
1592288138.3927062,-0.14722080293166945,-0.3124614729711892,0.04771781596316471,0.5471994450370885,0.49845313999354984,-0.4482345549629115,-0.501202
1592288138.4027061,-0.14720529007413402,-0.31249488284859345,0.047731535808330616,0.5471546519904432,0.498466093342435,-0.44828858400819155,-0.5011894346602955
1592288138.4127061,-0.14719445537268055,-0.31251977808988046,0.04774251850851896,0.5471142839246886,0.4985114597914609,-0.44833425878928646,-0.5011465979956512
1592288138.4227061,-0.1471853353405131,-0.3125358387206305,0.04775304301989868,0.5470657704823962,0.49859788293041046,-0.44837201405600174,-0.5010801381535922
1592288138.432706,-0.14717979453192712,-0.31254505267347066,0.047759971917171774,0.547020735734618,0.4987218930956864,-0.4483905819829209,-0.5009896420398512
1592288138.442706,-0.14717592709441335,-0.31254876261244136,0.047765745214209974,0.5469679408722754,0.49883438369737226,-0.4484487936858017,-0.5008840381166021
1592288138.452706,-0.1471731218230949,-0.3125497953264677,0.04777067420977085,0.5468926664921046,0.49895317804543976,-0.44855199282146296,-0.5007543478649695
1592288138.462706,-0.14717115335702363,-0.3125499022847948,0.04777559615731015,0.5468000350014601,0.499094263608975,-0.4486713441648009,-0.5006084605577727
1592288138.472706,-0.147169207414574,-0.3125508197986001,0.04778150768768711,0.5467048514462503,0.499273342127235,-0.44879469260552596,-0.5004224765221729
1592288138.482706,-0.14716827244176373,-0.31255083671364486,0.04778842968061207,0.5467056083372513,0.4995952888475436,-0.44880997340175444,-0.5000878556539183
1592288138.492706,-0.14716929688204386,-0.31255176044175564,0.0477923362254165,0.5468211664460125,0.5000446348726479,-0.4487308763543907,-0.4995822914155466
1592288138.502706,-0.14717324471696275,-0.3125526384891401,0.04779531047180662,0.5469515339408226,0.5005814500259335,-0.44864189855239905,-0.49898233029588673
1592288138.512706,-0.1471821092748592,-0.312554401263159,0.04780018991219227,0.5470400131912059,0.5011351916788805,-0.448608347691539,-0.4983587454596938
1592288138.522706,-0.147192885905006,-0.31255326922075016,0.04780610018880733,0.5470957291701216,0.5016310604439611,-0.4486820638948775,-0.49773207079671045
1592288138.532706,-0.14720264448566261,-0.3125454948810505,0.04781195745296751,0.5471879664134105,0.5019835153794966,-0.4488857476580267,-0.49709201635074246
1592288138.542706,-0.14721474155228687,-0.3125209158389232,0.04782234056566022,0.5473252415298682,0.502212680459378,-0.44915594799283076,-0.4964635949510175
1592288138.552706,-0.1472335474094687,-0.3124627613104675,0.04784105454986039,0.5476048671319328,0.5022415012588908,-0.4495047228360575,-0.49580974801387284
1592288138.562706,-0.14726688476712857,-0.3123808946444389,0.047867581205942644,0.5480060497870342,0.502173689337985,-0.45001148529612023,-0.4949758465041405
1592288138.572706,-0.14731057753262827,-0.3123157023537939,0.04789603183033776,0.5482967974722053,0.5022047911527183,-0.4506138626510114,-0.4940737356211149
1592288138.582706,-0.14735031314496008,-0.31229647619870216,0.04791849560176974,0.5481740678531272,0.5025554322411772,-0.4510658545465536,-0.49344022305376556
1592288138.592706,-0.14741139748708332,-0.31231770976191586,0.047942176974194735,0.5478163318068651,0.5030722345829189,-0.4513483407383869,-0.49305207517925104
1592288138.602706,-0.1475094300193162,-0.31236253232255023,0.04797240883989877,0.5474292277187713,0.5036579234560516,-0.4515682633687372,-0.49268218707239086
1592288138.612706,-0.1476052453099056,-0.31240303321896085,0.048003480588239514,0.5470090506782643,0.5041698469569721,-0.4518896081058571,-0.4923305817584901
1592288138.622706,-0.1476724543696383,-0.31243702334698414,0.04802862857974914,0.5465272999277098,0.5045205423809761,-0.45229935933336657,-0.49213053103118903
1592288138.632706,-0.14770349910712383,-0.31247008937876325,0.04804762482648768,0.5460221120375014,0.504712559538679,-0.4526662966698576,-0.49215707144641474
1592288138.642706,-0.14770754522965088,-0.31252781194142,0.04806800799431102,0.5454640644894403,0.5047114806190336,-0.4529690638790866,-0.49249854884292865
1592288138.652706,-0.147666943762262,-0.31264842953779187,0.04809759512263827,0.544853565104199,0.5045242925185099,-0.4531871373718115,-0.49316390749930955
1592288138.662706,-0.1475661871364456,-0.31283081568517906,0.04813357624544374,0.5442061985235153,0.5041879113324161,-0.4533116069341591,-0.4941068901440686
1592288138.672706,-0.14741961239380927,-0.3130348414270213,0.04816840038166904,0.5435824411783163,0.5037091789960025,-0.4533539864104179,-0.49524262443815853
1592288138.6827059,-0.1472397528306284,-0.3132435154634721,0.048203117460336224,0.5430317276972888,0.5031652605063388,-0.45331388801508354,-0.49643459097223874
1592288138.6927059,-0.14704502893954513,-0.31341224133958206,0.04822996876471066,0.5426852843059757,0.5025228634472225,-0.4533167917555304,-0.49746028889949806
1592288138.7027059,-0.14684126686455676,-0.31350863665497986,0.04825227721026302,0.5425176798039212,0.5016951767529392,-0.45349705059019657,-0.498313556892159
1592288138.7127059,-0.1466299998580512,-0.3135753579178142,0.04827342093350977,0.5423988818594841,0.5008896920655567,-0.453618937031166,-0.4991414575593761
1592288138.7227058,-0.14641801095743145,-0.31362803979904347,0.048296895987904584,0.5424658264687215,0.5002409468407807,-0.45356699782746673,-0.4997664490359292
1592288138.7327058,-0.14621680970891196,-0.3136591944789638,0.04832119833295558,0.5427063231289151,0.4997345691614466,-0.45341727602380116,-0.5001473152780628
1592288138.7427058,-0.1460505557355387,-0.31366423633904594,0.048346636785670034,0.5430672581187855,0.4993985472720059,-0.4532429595006769,-0.5002497641027277
1592288138.7527058,-0.14595986155178303,-0.31365613947952004,0.0483681455053599,0.5434812687841306,0.49925801492110566,-0.45308089547056885,-0.5000864476740159
1592288138.7627058,-0.14591931524968624,-0.3136507932765461,0.04838141524012632,0.5438635274016955,0.4993032564255243,-0.45292210751985723,-0.49977066968817496
1592288138.7727058,-0.14590073928060537,-0.3136511627193364,0.048391107319741916,0.5441710908543692,0.4994599724764057,-0.45275405711808514,-0.49943136934116017
1592288138.7827058,-0.14589380422490206,-0.31365051744076944,0.048394081553637364,0.5443915548023273,0.49964075685676695,-0.4526002328710347,-0.49914966266040994
1592288138.7927058,-0.14588671196173028,-0.31365065010243215,0.048397060025595066,0.5445487954351312,0.4997793261895044,-0.45248971458418363,-0.49893860263064865
1592288138.8027058,-0.14587982274882602,-0.31365077773576805,0.04840018403800645,0.5446786467625325,0.4998647156565893,-0.452419336117571,-0.49877612902093
1592288138.8127058,-0.14587208745947258,-0.31365191954606686,0.048404016555059194,0.544796038782898,0.49994823105371294,-0.4523660767439585,-0.4986116149104784
1592288138.8227057,-0.14586625961851993,-0.31365211511467006,0.048406994695401745,0.5449067533625421,0.5000712386277598,-0.4522986934663319,-0.4984296889829424
1592288138.8327057,-0.14586239729656386,-0.3136531596465111,0.048408976317957465,0.5449828369083156,0.5002517910249246,-0.45222521296669366,-0.49823071570840394
1592288138.8427057,-0.1458604512663557,-0.3136541578714298,0.04841095046993162,0.5450344976989736,0.5005033859722049,-0.45213972464638014,-0.4979992361515121
1592288138.8527057,-0.1458585048854923,-0.3136551572312206,0.04841292500273884,0.5450599924528671,0.5007878883024331,-0.45206202867910505,-0.4977560950938745
1592288138.8627057,-0.14585755310414522,-0.3136561668454291,0.04841490490204774,0.5450924644235591,0.50109768860965,-0.4519988837011277,-0.49746609715977363
1592288138.8727057,-0.14585754781196697,-0.3136571616885686,0.04841593701201053,0.5451406799267128,0.5014213931221672,-0.4519471616644928,-0.49713313490714783
1592288138.8827057,-0.14585747001657293,-0.313657153077823,0.04841785820772554,0.5451908716699138,0.5017592052679595,-0.4519019706760058,-0.49677850417540265
1592288138.8927057,-0.14585842555003292,-0.31365623254500274,0.04841882677666742,0.5452672817071796,0.5021347637663482,-0.4518219279947235,-0.4963890750412642
1592288138.9027057,-0.14585939763106573,-0.3136561021257984,0.048419799556751596,0.5453510267477076,0.5025265632378146,-0.45173162762759395,-0.4959812220125473
1592288138.9127057,-0.14586037190753476,-0.3136560765330693,0.048420772895564804,0.54541697922657,0.5029155615610803,-0.4516591776725997,-0.4955806936322772
1592288138.9227057,-0.14586151208163264,-0.3136552362797091,0.048421735771334413,0.5454733315762577,0.5032779894575455,-0.4516079126339101,-0.4951972779119514
1592288138.9327056,-0.14586250853370045,-0.31365502009063284,0.04842292305510834,0.5455264107392627,0.5036320901464053,-0.4515649443460369,-0.4948182745408298
1592288138.9427056,-0.14586349304495186,-0.3136542395307259,0.04842391838064576,0.5455630178378962,0.5039873294621681,-0.4515545802705324,-0.4944255635104554
1592288138.9527056,-0.14586420905820652,-0.31365397510390935,0.04842463753270186,0.5455513488153558,0.5043159072644817,-0.4516292093988451,-0.4940339763854248
1592288138.9627056,-0.1458637934567777,-0.31365398231923086,0.04842491686264045,0.5455453898158898,0.5045741347818862,-0.4517186268701273,-0.49369584853209664
1592288138.9727056,-0.14586280604219592,-0.31365333040971394,0.04842558279554442,0.5455930731665775,0.5047154441917839,-0.45177305986356336,-0.4934490850104038
1592288138.9827056,-0.14586246824037227,-0.31365300453443745,0.04842591235430234,0.5456621429501698,0.5047919286515351,-0.4517897142805461,-0.49327899981911427
1592288138.9927056,-0.14586246824037227,-0.31365300453443745,0.04842591235430234,0.5457527576028188,0.5048465892466368,-0.45178029898629085,-0.493131036314926
1592288139.0027056,-0.1458624564716422,-0.31365241205672334,0.048426909210435715,0.5458325545823829,0.5049185545823829,-0.4517503654408292,-0.4929965890254931
1592288139.0127056,-0.1458614480490918,-0.31365202036238066,0.04842690765079775,0.5459066379907302,0.5049865915039154,-0.4517314816992169,-0.4928624648681479
1592288139.0227056,-0.14586044855292846,-0.31365203842036055,0.048427447046223836,0.5459790117760609,0.5050376202158198,-0.45170460843975896,-0.4927549882239391
1592288139.0327055,-0.14585893945859943,-0.3136520675626047,0.048427909241822824,0.5460408190783902,0.505067077352337,-0.45167541297862085,-0.49268265191448346
