time,x,y,z,q,x,y,z
1592176197.6303442,-0.014925366464239781,0.01746609321277411,0.008039230157949004,0.5607742179648338,0.49139103136268997,-0.4386634294339477,-0.5016394348137581
1592176197.6403441,-0.014926671230621297,0.017452738905317292,0.008041275959546151,0.5608743550290107,0.4913733431947104,-0.4388032840232086,-0.5014220177530703
1592176197.6503441,-0.014921725501519894,0.017413724546422378,0.008045311700054946,0.5609510355386624,0.49141081916349916,-0.4388456182340539,-0.5012635672496736
1592176197.6603441,-0.014909013271862755,0.017352007446788713,0.008051390229870737,0.5610488268094511,0.49138392476193565,-0.4388624451428386,-0.5011649420000649
1592176197.670344,-0.014884664394471921,0.017268922217990132,0.008057579375811462,0.561096771542506,0.491290407994537,-0.43891475987162876,-0.5011561328535337
1592176197.680344,-0.01484685668691378,0.01716285316503078,0.008064770982542307,0.5611428548379412,0.491105516635634,-0.43900157711585486,-0.5012109531242556
1592176197.690344,-0.014788432109694298,0.017008658183337383,0.008074061183858632,0.5612609192668736,0.4908586401286318,-0.43904704498392105,-0.5012793079614104
1592176197.700344,-0.014722403516784641,0.01681904002050328,0.008085426271181105,0.5614331459411099,0.49060907573878504,-0.43904715635851466,-0.5013316546222805
1592176197.710344,-0.014654704735334227,0.016600081595659247,0.008097959018689656,0.5616274594182957,0.49041204235287966,-0.43904337455720616,-0.5013097455720615
1592176197.720344,-0.014578061908258567,0.016327163824053217,0.008112231615315388,0.5618126310961472,0.4902982184964412,-0.4389914349601176,-0.5012589319109706
1592176197.730344,-0.014483836610616717,0.015989665287509763,0.008130090126092948,0.5619262177136636,0.4902417327350494,-0.438956,-0.5012177327350493
1592176197.740344,-0.014395331628850185,0.015690510993654073,0.00814584733911922,0.5620258107008788,0.49017479098873373,-0.4389309312682515,-0.5011941318314556
1592176197.750344,-0.014297762434667537,0.015384085787812491,0.00816094810051742,0.5621416198296917,0.4900389852493801,-0.43889989758211295,-0.5012232998783511
1592176197.760344,-0.014193784104527646,0.015063888465549399,0.008175807570450893,0.5622176121950738,0.48988655037536966,-0.4388558391182266,-0.5013266113507387
1592176197.770344,-0.01408785887670129,0.014732784980045143,0.00819075425364569,0.562252142628602,0.4897263878183182,-0.4388426554487413,-0.5014551923093733
1592176197.780344,-0.01398067290542883,0.014393682634990657,0.0082056937674788,0.5622826648216905,0.48954209293382944,-0.4388520353970583,-0.5015933185735247
1592176197.790344,-0.013873557519095114,0.014044491950738558,0.0082206536383584,0.5622809829973824,0.48935386674869424,-0.43890915302355876,-0.5017288074319353
1592176197.800344,-0.013766725569293764,0.013685070634869083,0.008234633297779546,0.5622594941066134,0.4891582207236642,-0.43900637471410425,-0.5018583747141042
1592176197.810344,-0.013640544706456429,0.013252868036925559,0.008252941825791336,0.5622261134877484,0.4889357998940771,-0.4391411460136984,-0.5019949027752265
1592176197.820344,-0.0135084970814975,0.012780120915733582,0.00827065146264113,0.5621740341658551,0.4886895053519252,-0.43930660734494154,-0.5021485971456399
1592176197.830344,-0.013375281096106478,0.0122859951894215,0.008286914781028876,0.562132229393333,0.4884069880755523,-0.43952293247889146,-0.5022801843792606
1592176197.840344,-0.013237706250953635,0.011763772411201436,0.008302862962417367,0.5621121550727313,0.4880651333456376,-0.43979157245440614,-0.5024001351408485
1592176197.850344,-0.013095103568597593,0.011205318818540411,0.00832123957329451,0.5621008369913848,0.4877099968932971,-0.44005767082571956,-0.5025236865102752
1592176197.860344,-0.012948457623085372,0.010606927792484558,0.00834118742873568,0.5621146442346409,0.48737352605741874,-0.44030237915406495,-0.5026204821500474
1592176197.870344,-0.01279481368301783,0.009967752141104529,0.008361825653117863,0.5621486221751626,0.4871025152295582,-0.44051786456038344,-0.5026568724208006
1592176197.880344,-0.012630417633365094,0.009289081687270238,0.008383960754890885,0.5621940272048588,0.4869002203676099,-0.4406534974720659,-0.5026836039643724
1592176197.890344,-0.012453014161337744,0.008576307783433603,0.008409116903942113,0.5622532100195471,0.48677585621334923,-0.4407145525048868,-0.5026837859466626
1592176197.900344,-0.012262521057685433,0.007833956013489707,0.008434790823994315,0.5623337032231188,0.48664814295783737,-0.44074232597505214,-0.5026930696099792
1592176197.910344,-0.01206355016447897,0.007083144356752861,0.00845930090944604,0.5624482198489086,0.4864957749276944,-0.4407798062680764,-0.502678863880855
1592176197.9203439,-0.011883399691913822,0.006429083112279973,0.008480350551803701,0.5625426655280961,0.486352033918525,-0.440825270050566,-0.502673311859554
1592176197.9303439,-0.011683389271867567,0.005746742001140474,0.00849719416412212,0.5626169845358199,0.48618026995987745,-0.44086588048424136,-0.5027204024212069
1592176197.9403439,-0.01146437596458323,0.005038707660651007,0.008510569711065438,0.5627215359752277,0.4859564035026437,-0.4408757195699109,-0.5028117800920395
1592176197.9503438,-0.011228586478680221,0.004303993159018994,0.008523700957566601,0.5628773566536215,0.4856862693060348,-0.4408667448441968,-0.5029063344121636
1592176197.9603438,-0.010975773445670349,0.0035405651092887008,0.008536107942980726,0.563133987088711,0.4853783779960983,-0.44080969260357306,-0.5029658470571898
1592176197.9703438,-0.010708629299400205,0.002746556482558239,0.008548551616821666,0.5634530310431584,0.48509842329595254,-0.4406173963302709,-0.5030474149099576
1592176197.9803438,-0.010429734168910956,0.0019216857133775099,0.008560268379265986,0.5637833015814359,0.4848461718062637,-0.4403195536940767,-0.5031815718927679
1592176197.9903438,-0.010142049812424354,0.0010730759699231662,0.008569985559849126,0.5641242127283734,0.4845777652686941,-0.44000445801661703,-0.5033337302418137
1592176198.0003438,-0.009849862986068474,0.00020868517681259152,0.008577842103674878,0.5644517670922867,0.4842736586027201,-0.4397595126973253,-0.503472575657289
1592176198.0103438,-0.009550722475610911,-0.0006715533224637311,0.0085857701211888,0.564645141326183,0.4839588077343514,-0.43957002814891233,-0.5037253165473853
1592176198.0203438,-0.009248094140825627,-0.0015604235353214703,0.008589819049631362,0.5647332227963441,0.4835800594040022,-0.43948912700719645,-0.504059327681778
1592176198.0303438,-0.00893521779574575,-0.002456571382699092,0.00859290116215294,0.5647863351070546,0.4831092038937695,-0.43948465314730306,-0.504455709668885
1592176198.0403438,-0.008612327024625246,-0.003362174050100744,0.008596042587518797,0.5648157598695656,0.4825772335284208,-0.43952447368561914,-0.5048966776521802
1592176198.0503438,-0.008280669416477626,-0.004281344036883807,0.008599246759651093,0.5648735075059709,0.48203641880826437,-0.4395452428375151,-0.505329894967128
1592176198.0603437,-0.007938313326072208,-0.005215628862231299,0.00860067197839473,0.5650191724706332,0.4814932519024961,-0.43945773122917486,-0.5057617100122833
1592176198.0703437,-0.007590149347341428,-0.006166816984739358,0.008602039563003655,0.5652319995348877,0.48093230887297733,-0.43926794911548056,-0.5062212811051563
1592176198.0803437,-0.007243250657867426,-0.0071355918006257195,0.008602433287532256,0.5654753616819722,0.4803159566407329,-0.4390720557810379,-0.5067045166033151
1592176198.0903437,-0.00687961413970028,-0.008213402314683803,0.008605108387826311,0.5656435670276689,0.47969226280088445,-0.43893453091156037,-0.5072276302308592
1592176198.1003437,-0.006490698131635084,-0.009452508695408124,0.008612215517374703,0.5656383069541729,0.47911393408315556,-0.43888201231441576,-0.5078247651198794
1592176198.1103437,-0.006124969691026575,-0.010714243888343683,0.008622859671189765,0.5654917725933329,0.4785798481103931,-0.43896587886853067,-0.5084186367957002
1592176198.1203437,-0.005772542087141008,-0.011994982453543069,0.00862030042609609,0.5652611919174333,0.4781189649353288,-0.4390839055023113,-0.5090067812881139
1592176198.1303437,-0.00543535250936857,-0.013288644407449913,0.008616396832015346,0.5649703738653918,0.4777115986797287,-0.43923800887657,-0.509577868702085
1592176198.1403437,-0.005110496172562637,-0.014593426285737935,0.008613466772063939,0.5646523586882461,0.4773412861535195,-0.43939479139147297,-0.5101420485082762
1592176198.1503437,-0.004797784203368508,-0.015906158046838103,0.00860892831681054,0.5643723675708352,0.47699495309831536,-0.4395394171526161,-0.5106512648583296
1592176198.1603436,-0.0045002516092756,-0.01722890451238162,0.008605100456457274,0.5641332195123894,0.4766682694636602,-0.4397002759022867,-0.5110814230240779
1592176198.1703436,-0.0042183757194842785,-0.01856753597694363,0.00860304208587434,0.5638739903280606,0.47634680263533563,-0.4399037863750572,-0.5114922886178052
1592176198.1803436,-0.003953302003434754,-0.019923257089519367,0.00860196969837683,0.5636108006755369,0.4760306713035097,-0.44016545806851753,-0.5118519742400209
1592176198.1903436,-0.0037054175309407574,-0.02129561563351167,0.008600844668422439,0.5633105173012247,0.47583712071413736,-0.44047397284616996,-0.5120965640024913
1592176198.2003436,-0.0034623920448058794,-0.02268037520525288,0.00859972561481333,0.5630375540583754,0.47576210990258744,-0.44073937418837905,-0.5122380290584656
1592176198.2103436,-0.003214575078385435,-0.024075318186961653,0.008590951149183745,0.562901552310637,0.47575012380125137,-0.4408896477762232,-0.5122693047081341
1592176198.2203436,-0.0029596065931156656,-0.025480439504544122,0.008560070090400147,0.5629378899934697,0.47577510744688295,-0.4408947484373907,-0.5122015676528209
1592176198.2303436,-0.0026884028946063147,-0.026896368677676294,0.008526230874282384,0.5630577419693004,0.4758409805665111,-0.44073267692465423,-0.5121488599190699
1592176198.2403436,-0.0024054952736616863,-0.028318781432897042,0.008489082071146752,0.5632261082925316,0.4758554599713204,-0.44049374964150534,-0.5121551240172078
1592176198.2503436,-0.002118593542728887,-0.029744621950073335,0.008448388261369316,0.5634235341520296,0.475823144573508,-0.4402792021241038,-0.5121522476601434
1592176198.2603436,-0.001829467835774547,-0.031174668156893688,0.00840661261412555,0.5636033686508138,0.475751723813257,-0.4400757743785389,-0.5121958470986847
1592176198.2703435,-0.0015414221072696489,-0.03260964232891015,0.008361388467014959,0.5638384143235821,0.4756397806125012,-0.4398879026766531,-0.5122025853870285
1592176198.2803435,-0.0012565851084380322,-0.03405560545448015,0.00831848166881985,0.5641069165988267,0.4755617185511332,-0.439671267716203,-0.5121660099526442
1592176198.2903435,-0.0009739136913900462,-0.03551769100076052,0.008274013279284302,0.5644323076615151,0.4755730496981414,-0.43938550535339405,-0.5120412402521617
1592176198.3003435,-0.0006877129377490408,-0.03699326158457254,0.008229010226510007,0.5648296484909663,0.4756728918433742,-0.43902139541961377,-0.5118237027936734
1592176198.3103435,-0.00039503102512286636,-0.03848270309257193,0.008186009390263614,0.5652422354763479,0.4757923860863587,-0.43862444495176406,-0.5115972637602182
1592176198.3203435,-9.97844002287107e-05,-0.03996723751995017,0.008142822935049046,0.5656626315054939,0.47592876462838885,-0.43819944502125874,-0.5113696045052549
1592176198.3303435,0.00017358453811525134,-0.04120366958251549,0.008099949350793334,0.5661469873798576,0.4760639248655137,-0.4377917594651068,-0.5110569736506613
1592176198.3403435,0.00045306575737714326,-0.04245146364028973,0.008054295063864847,0.5666518903392401,0.47619578448174643,-0.4374501167273163,-0.5106664996595857
1592176198.3503435,0.0007462416493480789,-0.04371734737484231,0.008006613737995279,0.56720390917628,0.476303011456136,-0.43714036057665895,-0.5102190035435893
1592176198.3603435,0.0010585544141841028,-0.045005374123080914,0.00795731680778159,0.5678281661023293,0.47642030369020677,-0.4367685427888877,-0.5097347013458048
1592176198.3703434,0.00139435215243032,-0.04631990172804787,0.007904100451929371,0.5685478138707356,0.47656340312618,-0.43621458925544443,-0.5092718915015422
1592176198.3803434,0.0017512530853226313,-0.047657202483972365,0.007848262987478092,0.5694436576848905,0.47666594915162036,-0.43549752210734366,-0.5087872944546113
1592176198.3903434,0.002121362496208474,-0.049018736317099014,0.007789224670937368,0.5704031098872053,0.476761776471625,-0.4346507613676414,-0.5083475291857593
1592176198.4003434,0.0024971545442810383,-0.0504059087297001,0.007734209928041254,0.5712467652988082,0.4768883301339753,-0.4337408668192109,-0.5080590693120586
1592176198.4103434,0.0028693938959474027,-0.051813029451278254,0.007679535178834127,0.5720269596302375,0.47698571805369105,-0.43288542587944984,-0.5078185788565284
1592176198.4203434,0.003264708917799323,-0.05322833261829816,0.007622270387898954,0.5727437503431877,0.47703723561550343,-0.4322023772169976,-0.507545038033119
1592176198.4303434,0.003662406522020258,-0.05465523131739091,0.00756443240105008,0.5732757353165941,0.47711858282147784,-0.43169579448187184,-0.5072986599488623
1592176198.4403434,0.0040705551092325674,-0.05609303100941474,0.0075086432409710345,0.5736321991446534,0.4771521460770843,-0.4312688281019201,-0.5072274269614578
1592176198.4503434,0.004489574236795541,-0.05754661099777255,0.007453261319573015,0.573860363877037,0.47718711298898614,-0.4308624733138197,-0.5072811103192517
1592176198.4603434,0.004928877055072298,-0.05904635368127893,0.007392118486819009,0.5741174597767074,0.47712185967172,-0.43045513919901757,-0.5073983582402948
1592176198.4703434,0.0054063373690446705,-0.06068136453911084,0.00732342603794853,0.5744249779353258,0.476961671990655,-0.43010188222439383,-0.5074996640046725
1592176198.4803433,0.005903475839121512,-0.06242046500867592,0.007251142760377573,0.5747013925778561,0.4767673196564694,-0.42979399403155544,-0.5076305524060909
1592176198.4903433,0.0063870427427701465,-0.06417522521897773,0.007181177609189169,0.5749155108687909,0.4765409746386963,-0.4295900688412163,-0.5077726086950328
1592176198.5003433,0.006851119343893197,-0.06594322944968864,0.007115540672346252,0.5750267041553343,0.47630204548352784,-0.42956121955726884,-0.5078957603883356
1592176198.5103433,0.007301864666275499,-0.06772694102187199,0.007062255212106454,0.5749782765314956,0.4760913459198086,-0.42972379183506093,-0.5080105510194783
1592176198.5203433,0.007751379017169817,-0.06952192275094103,0.0070344523253336394,0.5747558126116542,0.4759477947424741,-0.43000403311760726,-0.5081595992137741
1592176198.5303433,0.008153394362382367,-0.07110402843734429,0.007012362998515598,0.5743485910762995,0.4758327288793269,-0.4303316266904222,-0.5084496089169772
1592176198.5403433,0.008543918313316197,-0.0725891366889687,0.006990772883065221,0.5738748285607606,0.4756808926792841,-0.43065163937997764,-0.5088559439118494
1592176198.5503433,0.00894958859681232,-0.07406975223711311,0.006966786989864813,0.5734461761479841,0.47546313117403066,-0.43092539037598865,-0.5093107713824038
1592176198.5603433,0.009366440479556528,-0.07554688627701651,0.00693951811246934,0.5730852064133503,0.475162541488109,-0.4311215591064282,-0.5098309673210507
1592176198.5703433,0.009785634857920335,-0.0770191495423987,0.0069107028554110436,0.5727352947050144,0.47479647942776226,-0.43126544418597723,-0.5104437833270251
1592176198.5803432,0.010260648205916134,-0.0787217568234306,0.0068796836817977625,0.572386928285115,0.4743756040432183,-0.43142307315889167,-0.5110920566337234
1592176198.5903432,0.010741104635545493,-0.08051370321483757,0.006849977381568805,0.5720114162714749,0.47393431163083877,-0.43165245985403966,-0.5117275339656402
1592176198.6003432,0.011195987165781471,-0.08230956637336172,0.006823239874623736,0.5716089814642827,0.47351939861284137,-0.43197252722703133,-0.5122903684771999
1592176198.6103432,0.011631608751240806,-0.0841127605441291,0.0068013737140921815,0.571206149396672,0.4732625303659886,-0.4323009466567474,-0.5127006083975977
1592176198.6203432,0.012066893737862572,-0.08591699970784479,0.006791327829582463,0.5708124867646528,0.47316415166617953,-0.4325701202115606,-0.5130027561504307
1592176198.6303432,0.012500844539175545,-0.0877201815265196,0.00678223300704481,0.5704112595668873,0.47314718082761514,-0.43276782384219903,-0.5132981925021506
1592176198.6403432,0.012905551929553803,-0.08939473152790522,0.006775183348304549,0.5700986339036714,0.4731115322608127,-0.4328831822522933,-0.5135803531920035
1592176198.6503432,0.013316322484404878,-0.09111183405355215,0.006767738486082972,0.569908417260841,0.47310454524866863,-0.4329133244988589,-0.51377347899011
1592176198.6603432,0.013727236793558861,-0.09288049604076547,0.006761561888787739,0.5698212163409014,0.47312355628825287,-0.43291037969068774,-0.5138549867522212
1592176198.6703432,0.01411687079179553,-0.09464129011960994,0.006760153217775291,0.5697373541523224,0.47318297120289793,-0.4329389281969829,-0.5138695359015085
1592176198.6803432,0.01448561632525145,-0.0963999631907853,0.006763548214656496,0.56962386151318,0.4733113118501019,-0.43297261839697415,-0.5138473324494617
1592176198.6903431,0.014835753023465981,-0.09815737664331645,0.006769645639932986,0.5694456440839737,0.4735239710463359,-0.43308414670560147,-0.5137560039517348
1592176198.7003431,0.015179799411258842,-0.09991161253140954,0.006776581635987689,0.5692435918202575,0.4737901230468877,-0.433282150881837,-0.5135661989146622
1592176198.7103431,0.015526273669263764,-0.10163115958063304,0.00678356147132685,0.5690391633249611,0.4741298296083087,-0.4334538366750389,-0.5133358522218454
1592176198.720343,0.015852698559975797,-0.10322679540707727,0.006793997436691427,0.5689358681289968,0.4744478770074954,-0.4335365252643883,-0.5130859669669253
1592176198.730343,0.01616573846510657,-0.104671914753203,0.006800171420641277,0.5689677959373951,0.4747083492057466,-0.43348419303219377,-0.51285366733987
1592176198.740343,0.016488464749372572,-0.10612024079958544,0.006803459540132763,0.5691115714728006,0.47489422454034347,-0.4333817977409139,-0.5126087531783992
1592176198.750343,0.016816776917171747,-0.10758894676677318,0.006804800597004155,0.5692550856872346,0.4750170067020029,-0.4333103239587295,-0.5123960441594171
1592176198.760343,0.017202381282001678,-0.10934048289222933,0.0068097817902434,0.5693104148872773,0.47507949237404534,-0.43331116412468174,-0.5122756778514002
1592176198.770343,0.017586692763270323,-0.11113965435328028,0.006819733156504421,0.569241475594874,0.475112612372527,-0.4333893338544852,-0.5122558436437724
1592176198.780343,0.01795661490901396,-0.11294955037545765,0.0068316960324509785,0.5690863914107895,0.4751006897378349,-0.4335245942696141,-0.5123243675405501
1592176198.790343,0.018304726381352537,-0.11477135757326115,0.00684550728850052,0.5688791501303802,0.4750667370802052,-0.43374428649743524,-0.5123994413433434
1592176198.800343,0.01862528329649147,-0.11660968808718301,0.006863818393991804,0.5686131608908719,0.47512401339353705,-0.4340194396448696,-0.5124091970534218
1592176198.810343,0.018918787697698346,-0.11847712864163575,0.006888473486593921,0.5682804103666312,0.47529697286370737,-0.43438759118998577,-0.5123069317178622
1592176198.820343,0.01919486888613876,-0.12037644464064172,0.006918374745197559,0.5679884867664884,0.47546436826526206,-0.4348528031700106,-0.5120799903268868
1592176198.830343,0.019479899493421028,-0.12229721988591884,0.0069464076518819425,0.5677818353194037,0.4755755546552036,-0.43537793747995746,-0.5117595045282406
1592176198.840343,0.01978217068032104,-0.12425179083388083,0.006973326716187166,0.5676664952467404,0.47563827749224136,-0.43588204290813537,-0.5113988159047147
1592176198.850343,0.020105242368135857,-0.12625023426948556,0.007002040563991096,0.5675120446928236,0.4757832891725672,-0.43630023490271,-0.5110794088854875
1592176198.860343,0.020452432956344684,-0.1282883792147095,0.00703289786517607,0.5674017522290544,0.4759488956258347,-0.4365557908319514,-0.5108305137940446
1592176198.870343,0.020791274967915375,-0.1302139378052779,0.00706001526690624,0.567373,0.47615977656440833,-0.4367149486578361,-0.5105290679797778
1592176198.880343,0.02110637792992381,-0.13194397389683235,0.007080331859651994,0.5673723201081402,0.47639528313606505,-0.43680452118954194,-0.5102334159177084
1592176198.890343,0.021434338347742703,-0.13368381953603173,0.007098438154442682,0.5674059580790102,0.4766280343540826,-0.4367842719063583,-0.5099957356605489
1592176198.900343,0.021781060458480724,-0.13544196458432498,0.007115150702307151,0.5674527903669648,0.47685227832567084,-0.4368323611875505,-0.509692789666193
1592176198.910343,0.022149157692960657,-0.1372184259221484,0.0071301241433191975,0.5675288534990501,0.4769608697769334,-0.4369981378170961,-0.5093635941427412
1592176198.920343,0.02258009149187929,-0.1393383077548417,0.0071401712674111295,0.5675814583155608,0.476981,-0.4371995809227446,-0.5091136598258951
1592176198.930343,0.0230440854416506,-0.14156863913239137,0.007148116116223206,0.567632974704008,0.4769984388231128,-0.4373344185863192,-0.5089240556511826
1592176198.940343,0.02346471207471813,-0.14352277176034667,0.007153374854958476,0.5677878144273087,0.47702017858284745,-0.43736122497602026,-0.5087080962812676
1592176198.950343,0.023899611030104313,-0.14549196180658766,0.007157165229337048,0.5681102852011038,0.4770373510057458,-0.4372409798850835,-0.508434926867846
1592176198.960343,0.024377857768814543,-0.1476531084442673,0.0071615273457624655,0.5685497084266218,0.47709251315208256,-0.4369854288896517,-0.5081111591615278
1592176198.9703429,0.024878692989860052,-0.14996088962284188,0.007167941120479238,0.5690134301878994,0.4772097086655493,-0.4367035993827425,-0.507724576240501
1592176198.9803429,0.02537683146300423,-0.15232735559513239,0.0071783601321351595,0.5694239308989512,0.4774399297165516,-0.4364359952704016,-0.5072785274561269
1592176198.9903429,0.025850609789171964,-0.15462265649359605,0.0071908507539525995,0.5697192932796539,0.4777287319024883,-0.43626931827410026,-0.5068178996468229
1592176199.0003428,0.026300561366014268,-0.15680262873884132,0.007203278077500118,0.5698564846168976,0.4780599438182349,-0.43622075167207636,-0.5063935688895453
1592176199.0103428,0.02672983338120866,-0.15882858896266508,0.007215808459049881,0.5699186836977118,0.47837008616516263,-0.43621719809490817,-0.5060327029666453
1592176199.0203428,0.027173159685819244,-0.16082231022733623,0.007224985760118264,0.5699242499238195,0.4786355720815466,-0.43615121395922674,-0.5058329640354071
1592176199.0303428,0.027640133227923178,-0.16285176859893838,0.007230835874681093,0.569887867358574,0.4788525503222954,-0.4360011119540177,-0.5057976425197217
1592176199.0403428,0.02815219371532879,-0.16506761720322355,0.007236578392124299,0.5698433977481533,0.4790393492839149,-0.43576697466672343,-0.5058725425283744
1592176199.0503428,0.028691424992229857,-0.16744655989056648,0.007243597453014862,0.5698293224906356,0.47920063227837295,-0.43551292782151535,-0.5059549349438128
1592176199.0603428,0.029219221070698853,-0.16987340769950027,0.007251831834844335,0.569816718762447,0.4793511919305011,-0.43535510379953274,-0.5059614743441377
1592176199.0703428,0.02972316358042735,-0.17230006770697295,0.007262843660706216,0.5697228287011764,0.47950847516244344,-0.4353711823377376,-0.5059048563473755
1592176199.0803428,0.030215106490287386,-0.17472724616220023,0.007277644046768145,0.5694742091390008,0.47968961462598114,-0.43554560365798684,-0.5058626489943518
1592176199.0903428,0.030655462492033287,-0.17689629002904847,0.007289761047083297,0.5691454486252299,0.4798068688230322,-0.43588151202167974,-0.5058320419766297
1592176199.1003428,0.031083035915315207,-0.17894942945841372,0.007299647186248372,0.5688410679660328,0.4798625416376301,-0.43625078612804247,-0.5058033437717774
1592176199.1103427,0.031527364458907484,-0.18098879091946482,0.007307621417413547,0.5686164512673116,0.4799059771449955,-0.43651971274795903,-0.5057831093435138
1592176199.1203427,0.031987722578564144,-0.18301773553560166,0.007312695839401159,0.5683271025149803,0.48003731075007433,-0.4366161035833581,-0.5058994143334324
1592176199.1303427,0.03245307566465319,-0.18504704875378736,0.0073158440188788275,0.5680665292985628,0.4801376029779671,-0.4365701715337235,-0.5061363432598903
1592176199.1403427,0.032965232336748335,-0.18728829564792732,0.00731767955866798,0.5678829607485226,0.4801988112145724,-0.43650588598154755,-0.5063400467281749
1592176199.1503427,0.03347733647445835,-0.18954636346327655,0.007319252867673109,0.5676698146971173,0.4802768506112395,-0.4364881459182277,-0.5065204557117442
1592176199.1603427,0.033975929800465376,-0.19173973704823136,0.007320782092510634,0.5674067387076301,0.48031924423351496,-0.4364930157976839,-0.5067710644519067
1592176199.1703427,0.03447634877625475,-0.1939319218521588,0.007321524899117805,0.5670871229147719,0.48031267202350353,-0.4365500556552444,-0.5070853500019771
1592176199.1803427,0.03497994503975239,-0.19613846624744424,0.007321365965136903,0.566807572391447,0.48018437208036413,-0.43667254229423097,-0.5074141702138668
1592176199.1903427,0.03549569595514788,-0.19842020527280033,0.0073211964771257914,0.5665125599548803,0.4800137799774401,-0.43687342225285913,-0.507731902267899
1592176199.2003427,0.036003249441986025,-0.20069345681476916,0.0073199768974872344,0.5661739690275976,0.47987838633420277,-0.43707093241887535,-0.5080678648377507
1592176199.2103426,0.036483697192267184,-0.20283439889054827,0.007317749654550019,0.56586636686149,0.4798870702668383,-0.43720880251588734,-0.5082834855781496
1592176199.2203426,0.03694098320189811,-0.2047895762313478,0.007312733882531838,0.5656654705049261,0.47997185762898625,-0.4372516371525797,-0.5083903176970443
1592176199.2303426,0.03741051649328621,-0.20673771882771516,0.007306516471438836,0.5655172902710885,0.48002248048351237,-0.4372307317216256,-0.5085249332942234
1592176199.2403426,0.0378867088477437,-0.20867798600646723,0.007297985589078214,0.5654430099559102,0.4800180854074813,-0.4371261957047382,-0.5087010455838403
1592176199.2503426,0.038362891667310446,-0.2106084395430904,0.0072880435204922345,0.565432670683185,0.47998496385133504,-0.43698223292037514,-0.5088684498123649
1592176199.2603426,0.038873831503877916,-0.21270823597814403,0.007276524857159492,0.5654461234811436,0.47987099950684053,-0.43685980213427444,-0.5090656426937386
1592176199.2703426,0.039422925627724134,-0.2150349895480288,0.007265770276834027,0.5654304686298636,0.47970484499462,-0.4368125055359064,-0.5092796753037035
1592176199.2803426,0.039945240260874065,-0.21736649318470097,0.0072607241225183545,0.5653441307007597,0.4795877200496861,-0.4368416317047903,-0.5094622634095806
1592176199.2903426,0.040437756727516615,-0.2196979485959083,0.007260016402392273,0.5651189859020216,0.47957496155510493,-0.4369611486551113,-0.509621582230623
1592176199.3003426,0.04091169808035818,-0.22202982755610656,0.007261183381987662,0.5647683648682443,0.4796769954719407,-0.43709674031312373,-0.5097971167605174
1592176199.3103426,0.0413703575114232,-0.22435364463775825,0.007262419328338941,0.5643802770100227,0.4798314382468832,-0.43724387274407195,-0.5099560374969443
1592176199.3203425,0.04181218365296654,-0.22666856123454862,0.007257513397180045,0.5641201242887272,0.47990142949409736,-0.43747777498855484,-0.5099765906504463
1592176199.3303425,0.042246157851801344,-0.22898240717319962,0.007248893168292546,0.5639371075579676,0.4799506733071186,-0.43775413149830217,-0.5098955039755942
1592176199.3403425,0.042678918330162074,-0.23130944394612832,0.007239589121721212,0.5638501362232966,0.4799296130048349,-0.43802769245802337,-0.5097761496439551
1592176199.3503425,0.043105627207658696,-0.23366235184517395,0.007231598467186457,0.5638478538160254,0.4798991384213673,-0.4382585989555491,-0.5096093932818436
1592176199.3603425,0.04352129023597214,-0.23604845872673402,0.007225868320874348,0.5638610102282138,0.47992909205392337,-0.4384216380808851,-0.5094265326504587
1592176199.3703425,0.043921515970252664,-0.2384724361590363,0.007223805370128431,0.563828533533978,0.48005493293204404,-0.43849,-0.5092849591325596
1592176199.3803425,0.0443019974035382,-0.24092894985759922,0.007224842525689336,0.563661687938657,0.48035870539517983,-0.4384436356966081,-0.5092232496363225
1592176199.3903425,0.044668263505195524,-0.2434028592122907,0.007225575207841404,0.5634004407954374,0.4808673659918414,-0.43828373465906234,-0.5091706377788691
1592176199.4003425,0.04500835094626206,-0.24569682406756085,0.007215380282253516,0.5634192583813126,0.4812342201151503,-0.43818158446429706,-0.5088905097293333
1592176199.4103425,0.04531354437947159,-0.24768152989039982,0.007202089391321414,0.5636032270870366,0.4814659674756234,-0.4381924090290122,-0.5084585133015502
1592176199.4203424,0.04564230090932931,-0.24965420986931566,0.007187586912837802,0.5639501979336555,0.4814940843642378,-0.43812720137756306,-0.5081023104835077
1592176199.4303424,0.04601074566983272,-0.25163849605013555,0.007172318622918679,0.5643329013863219,0.4814821331158711,-0.4378430320557426,-0.5079348997553549
1592176199.4403424,0.04641812755001662,-0.2536283541082433,0.007155236852161403,0.5647446247854586,0.481405610410855,-0.4374614721626213,-0.5078775798916539
1592176199.4503424,0.046852406635636355,-0.25561471353305937,0.007136371936419186,0.5651442772981248,0.4813226665182236,-0.4370555087701695,-0.5078601887632697
1592176199.4603424,0.047297928569093727,-0.25759669696990656,0.007116542933767532,0.5655322509200444,0.4812209865999883,-0.4365474854959351,-0.5079625398320172
1592176199.4703424,0.04774103221547691,-0.25957886408641767,0.007097778949179775,0.5658809412407535,0.4811602352853518,-0.4359421616500193,-0.5081520588585928
1592176199.4803424,0.048173841064347724,-0.26155194533177994,0.007075040604301767,0.5663081713357802,0.48103553556939865,-0.43539322914337675,-0.5082635880636743
1592176199.4903424,0.04859273469217056,-0.2635119715097635,0.007051202770175964,0.566787173337597,0.48091038277193693,-0.4349536182850294,-0.5082254167547472
1592176199.5003424,0.049003776330051,-0.2654703642548935,0.0070336964529761495,0.5670932871785263,0.4808347068170886,-0.4345980608725889,-0.5082583801956903
1592176199.5103424,0.04940521905543225,-0.26743968905630533,0.007024480377461586,0.5672697241420991,0.48072706643954205,-0.4343823805670803,-0.5083498763689313
1592176199.5203424,0.0498288595941523,-0.26957042778870555,0.007021634316437729,0.5673714830073819,0.4806074030378198,-0.43427314114298715,-0.508442415834412
1592176199.5303423,0.0502434669211105,-0.2716226013986321,0.00702037754173236,0.5673800650295596,0.4804522601182386,-0.434252,-0.5085963166989742
1592176199.5403423,0.050658083964439944,-0.27361511872838024,0.007022706776778671,0.5672158368718204,0.4803772794067246,-0.43425023997303297,-0.5088517640720269
1592176199.5503423,0.051089800102761616,-0.2756321290122779,0.007028316298980214,0.5669662746865116,0.4803178808528608,-0.43428429531771134,-0.5091569247804504
1592176199.5603423,0.051526282263262335,-0.2776340610010024,0.007032048086494998,0.5667737573062909,0.4801377654349986,-0.43443608960670943,-0.5094126189273346
1592176199.5703423,0.05197382430941089,-0.2796524270821677,0.007030381778498443,0.5666573745456507,0.47989868649394085,-0.43463521961001833,-0.5095974694802042
1592176199.5803423,0.05243389987605053,-0.2817154350863113,0.007029187983214231,0.5665042126495813,0.47964908002631107,-0.4348512297510924,-0.5098173978698106
1592176199.5903423,0.05289537116191632,-0.28377513629672707,0.0070293279887787994,0.5663139784573957,0.4793732641269627,-0.43508999656608166,-0.5100841180147765
1592176199.6003423,0.05335939878939864,-0.2858387391516268,0.007029479781881911,0.5661053064091186,0.47908222487718727,-0.43533834660561893,-0.510377550625269
1592176199.6103423,0.053827789345105764,-0.2878993082934733,0.0070333402494808525,0.5658678788843629,0.4788051814542338,-0.43558616044533593,-0.5106897928470572
1592176199.6203423,0.05432309917423195,-0.29010591371894046,0.007039362001353749,0.5655511925115215,0.4785654543754553,-0.43584215693912143,-0.5110467048429533
1592176199.6303422,0.05481396101815698,-0.29234204504343425,0.007047867011143338,0.5651380870071379,0.4783353200653505,-0.4360977416265293,-0.5115009164201889
1592176199.6403422,0.05528888657672696,-0.29454743443538545,0.007058724065609,0.5646623588173445,0.4781236255281046,-0.4363848291227427,-0.5119792627348825
1592176199.6503422,0.05574563749210563,-0.29669472855767615,0.007069888020227912,0.5641491943442716,0.47794277843710314,-0.436706691453023,-0.512438919707003
1592176199.6603422,0.05617999446057164,-0.2987294422039074,0.007080308631666899,0.5635792277084002,0.47773719755024036,-0.4370885755500114,-0.512931757616846
1592176199.6703422,0.05660684679593423,-0.30069335112579065,0.007087606456159799,0.5630701504203482,0.47744580268847986,-0.43746819731152015,-0.5134377661826294
1592176199.6803422,0.05705310005268799,-0.3027370470904469,0.007094568578899025,0.5626450802091966,0.4771041734960418,-0.4377762798605356,-0.51395887104361
1592176199.6903422,0.05751354750504739,-0.3048624479024417,0.007100754496366758,0.5622532028049045,0.4768017287007724,-0.4380173313179957,-0.5144628676219153
1592176199.7003422,0.05796383029306993,-0.30696446327108795,0.007104030285369364,0.5618789986299377,0.476529301717739,-0.4382241737801989,-0.5149487368532674
1592176199.7103422,0.05835989474536451,-0.30879327157787484,0.007090359232591839,0.5615273052007846,0.4762824750432826,-0.4384483693752009,-0.5153686057285998
1592176199.7203422,0.05875397726066774,-0.31061936518253197,0.0070749279791728955,0.5611769756408141,0.4760702214742498,-0.4386831865386033,-0.5157467689104668
1592176199.7303421,0.05915363503169095,-0.3124427867639432,0.007058825230836362,0.5608189155147153,0.47585809249912125,-0.43894166059620054,-0.5161112964298268
1592176199.7403421,0.059564323343986765,-0.31426285107832325,0.007038322540924387,0.560509557934817,0.47558298110874386,-0.43921106926919423,-0.5164718494957689
1592176199.7503421,0.059989085627817726,-0.3160807111934314,0.007014923533036693,0.5602417482938854,0.47521558897982286,-0.43948705893104656,-0.5168656191939205
1592176199.7603421,0.06042575476120044,-0.31789951915068604,0.0069904746724149735,0.5599425998620694,0.4748253673727872,-0.4397271028080146,-0.5173447461845286
1592176199.770342,0.06087298216846596,-0.319713999130221,0.006962396921368838,0.5596771889045048,0.4744077531211218,-0.43991903893569917,-0.5178517804306844
1592176199.780342,0.061330491856673025,-0.32151945624781625,0.006932291367066689,0.5595056158453545,0.47396679938711445,-0.44003735807589867,-0.5183392006128855
1592176199.790342,0.06180522014571074,-0.3233504640218632,0.00689830001753589,0.5594211281144399,0.4735141586216308,-0.44006826182055137,-0.5188180475292078
1592176199.800342,0.062304116540706424,-0.32524575098150593,0.006862852535188089,0.5593942449780134,0.4730682306972886,-0.4399849001884564,-0.5193246092273288
1592176199.810342,0.06280664169379095,-0.32703286184411257,0.0068281671574557945,0.5594160410721651,0.4726252512228352,-0.4398668325519421,-0.5198047772117407
1592176199.820342,0.06333401402386271,-0.32890801287064514,0.006790700026259939,0.559429,0.47214960185429894,-0.4397729603178798,-0.5203021009044526
1592176199.830342,0.06389013598283104,-0.33088293807535973,0.00675155805481831,0.5593765644359258,0.4716594665987835,-0.43969966221317114,-0.520864626744932
1592176199.840342,0.06444493250542982,-0.3328551341992067,0.006710480107969222,0.5593079965092591,0.47114047731018366,-0.4396978013962964,-0.5214072979516219
1592176199.850342,0.06498675930511656,-0.3347760758777664,0.006670234279692149,0.5592485670644773,0.4706213446702707,-0.43973764685756245,-0.5219076875891071
1592176199.860342,0.06551695076777539,-0.3366322264964928,0.006631612851594323,0.55923,0.47011877822267706,-0.43975660104461406,-0.5223639453609251
1592176199.870342,0.06604591547922667,-0.3384529722481251,0.006593180068737329,0.5593150954826712,0.4695794095219778,-0.4397390671200942,-0.5227735161708732
1592176199.880342,0.06660131527918266,-0.3403410826883708,0.006553159758578696,0.5595182608381725,0.46901469502885057,-0.43966006540461483,-0.5231280945665038
1592176199.890342,0.06719271362539019,-0.342356512551219,0.006511511988278358,0.559802871947203,0.4684720924181459,-0.4395385444563338,-0.5234129110873325
1592176199.900342,0.06779796006745378,-0.34444153108070014,0.0064731140539600095,0.5600399877065162,0.4680260797425949,-0.4393760674491112,-0.523693561745827
1592176199.910342,0.0683937600684129,-0.3465111471525509,0.006438759932437861,0.5602014300537818,0.4676936781517472,-0.4391200238000239,-0.5240334405696266
1592176199.920342,0.0689227398530709,-0.3483475111207608,0.006423939636095858,0.5603574575497967,0.467497548705616,-0.4387603717640399,-0.5243422913290252
1592176199.930342,0.06947100562857342,-0.3502585931550425,0.006410942265064167,0.5605594085515876,0.46735984896218663,-0.43827038134199064,-0.5246586660653618
1592176199.940342,0.07007952144741354,-0.3524364954864598,0.0063977594062565,0.5608938821845206,0.4671680290684971,-0.43780447588639065,-0.5248611596564575
1592176199.950342,0.07065807880831461,-0.354625084780837,0.006389289087189748,0.5612809764866658,0.46704054925300387,-0.4374004367639936,-0.524897
1592176199.960342,0.07119772291627607,-0.3568167015213437,0.0063874615263616,0.5615703934690671,0.4670047578065438,-0.43709358016002275,-0.524875805693099
1592176199.970342,0.07170265950536794,-0.3590121210735205,0.006392157689404764,0.5617974572057364,0.46702819229328724,-0.4369760612572959,-0.5247094758560347
1592176199.980342,0.07218432848472196,-0.36121505005934085,0.006401196901388766,0.5619731992052249,0.4671852282912336,-0.43700365976156746,-0.5243588892364395
1592176199.990342,0.07266034515400009,-0.3634295422725541,0.006412038565876937,0.5620545956638051,0.46744876446573785,-0.43701793622412993,-0.5240243843446256
1592176200.000342,0.07314250707771311,-0.3656501611432919,0.00642344190231949,0.5620332998629145,0.4678124090130952,-0.4369702924948454,-0.5237621773474508
1592176200.010342,0.0736292128126498,-0.36786602669931007,0.006437938742920443,0.5620194525571116,0.46819117562276386,-0.4368490800883995,-0.5235405545172832
1592176200.0203419,0.07411633541403603,-0.37007616419200573,0.0064652653609909875,0.5620871083712233,0.4684886533002567,-0.4366841854967664,-0.5233389344357228
1592176200.0303419,0.07460614430689415,-0.3722630137385184,0.006488059618276903,0.5622948569961085,0.46865023206031103,-0.43651816081517547,-0.5231087424949977
1592176200.0403419,0.0750924387417752,-0.3744395111768577,0.006511619695920059,0.5625059464176488,0.4687692180566752,-0.4363821605498292,-0.5228898066736408
1592176200.0503418,0.07557347518660662,-0.37661350353754286,0.006536101623994905,0.562703239910291,0.46891431607880113,-0.4362614408201234,-0.5226475185840258
1592176200.0603418,0.07604528924085721,-0.37874702361008716,0.006562029234563751,0.5629213874317439,0.4691034889570443,-0.4361564957899526,-0.5223297293465595
1592176200.0703418,0.07646956298455876,-0.3806494206932432,0.006587064118938664,0.5631307157397899,0.46934968710596864,-0.4360255419293542,-0.5219927321170794
1592176200.0803418,0.0768936454081516,-0.38251481087973593,0.006610284706981241,0.5633031505346318,0.4696592095328276,-0.43579986573448826,-0.521716932455989
1592176200.0903418,0.07732469182360635,-0.3843748624311468,0.006632344057981469,0.5634676761310172,0.46998261509574785,-0.4355075263756214,-0.5214917683921155
1592176200.1003418,0.07777137673141836,-0.3862771555150556,0.00665649239941986,0.5636674053721732,0.4702512480729206,-0.43523024496358764,-0.5212657694599464
1592176200.1103418,0.07827575860335301,-0.388453063886092,0.00670459117926495,0.563940383661306,0.47044260169672264,-0.4350014494638719,-0.5209880584815803
1592176200.1203418,0.07877260274180294,-0.3905722981977679,0.006753029155476284,0.5642734553878583,0.47059849374391305,-0.43477402284972627,-0.5206765549496941
1592176200.1303418,0.07923475548562399,-0.3925390916304619,0.006799379040533429,0.5645972295882005,0.4707957408055565,-0.43446831647647877,-0.5204035584772904
1592176200.1403418,0.07970743019527127,-0.3945486761519332,0.00684802308838753,0.5648714257328383,0.4711012147078536,-0.43403795711193627,-0.5201868440999385
1592176200.1503417,0.08018194073109783,-0.3965741928970448,0.006898453022784253,0.5651836903855569,0.4714534812033775,-0.43354761406260495,-0.5199375647075201
1592176200.1603417,0.08064837595787736,-0.3985793470558608,0.006948689833662142,0.5655576579300408,0.47179959115371667,-0.43308431339278963,-0.5196029135572757
1592176200.1703417,0.08110960506593315,-0.40056984225625025,0.006999992707406807,0.5659401735082209,0.47215413728308386,-0.43264450046554603,-0.5192317661165508
1592176200.1803417,0.0815600400324862,-0.40251422561779115,0.007050182303455145,0.5662925310158351,0.4724877542008443,-0.4322723713407234,-0.5188537619144895
1592176200.1903417,0.08200083350777095,-0.40440283802265675,0.007099114680795594,0.5666166864525112,0.4728017324496652,-0.4319514515389508,-0.5184804634763392
1592176200.2003417,0.0824472696823307,-0.4062939729190075,0.007150121317980143,0.5668888532996272,0.47308420510826227,-0.43161324361467224,-0.518207714572796
1592176200.2103417,0.08293375835066856,-0.4084368148173434,0.007190436913217604,0.5671008032812928,0.4733639795117775,-0.43124611884757624,-0.5180250397205192
1592176200.2203417,0.08341698781651594,-0.41057412459320203,0.007230296050593869,0.5672669503720449,0.4736631339947465,-0.43082342679943747,-0.5179214590571608
1592176200.2303417,0.08388787662282891,-0.4126854408638817,0.007270966249020186,0.5674325853797045,0.4738890850798475,-0.4304514673474035,-0.5178432073101477
1592176200.2403417,0.08434231181053937,-0.41476998780842084,0.00731422237978489,0.5675737072157963,0.4740493393739471,-0.43018194985176883,-0.5177656463921019
1592176200.2503417,0.08478040027034489,-0.41683345698507807,0.007360281970355437,0.567596706155263,0.4742186814105271,-0.4300272409526311,-0.5177133714815788
1592176200.2603416,0.08520856176408059,-0.41887480195615984,0.007409386803006408,0.567544430836356,0.4743453537454661,-0.4299650444686841,-0.5177057658101012
1592176200.2703416,0.08563087449320166,-0.42089438470836105,0.007459271014295067,0.5674764478973343,0.4743968078815402,-0.43002099886278417,-0.5176868726791707
