time,x,y,z,q,x,y,z
1592211155.1924458,-0.028727449813717724,0.3239645870601492,0.005438034100487808,-0.0035281518318213507,0.6743386714715632,-0.013384734294312636,-0.7382931766966154
1592211155.2024457,-0.028727449813717724,0.3239645870601492,0.005438034100487808,-0.0035407203586642682,0.6743045995516697,-0.013429440717328536,-0.7383225923945307
1592211155.2124457,-0.028727449813717724,0.3239645870601492,0.005438034100487808,-0.0036276545123165136,0.674225200026037,-0.013551509050670053,-0.7383922772496491
1592211155.2224457,-0.028727449813717724,0.3239645870601492,0.005438034100487808,-0.0037444326355116474,0.6741675631395848,-0.013700723875788471,-0.738441925077479
1592211155.2324457,-0.02872844974721747,0.323964586704079,0.005438045627382249,-0.0038227010989044688,0.6741527359584855,-0.013880752747261173,-0.7384517056166058
1592211155.2424457,-0.02872844974721747,0.323964586704079,0.005438045627382249,-0.0038641697453006504,0.6741508258975136,-0.014049768211038613,-0.7384503482049727
1592211155.2524457,-0.028727655950783394,0.3239645869867451,0.005438036476766027,-0.0039174339290818025,0.6741548246030991,-0.014162104762812093,-0.7384435876984505
1592211155.2624457,-0.0287259054141633,0.3239645852191354,0.005438784169589696,-0.003920553923742852,0.6741167330716857,-0.014196696524657142,-0.7384779634529715
1592211155.2724457,-0.028716237870574965,0.3239645856287809,0.005439646761463952,-0.003869036959683971,0.6739676272767481,-0.014158745965443403,-0.7386154383140368
1592211155.2824457,-0.028691683447887483,0.32396215979699927,0.005440330180100208,-0.0037799269223791894,0.6736548654604598,-0.01405662182015326,-0.73890311366022
1592211155.2924457,-0.02865392563005744,0.32395922227174856,0.005440859788398177,-0.0036808918568318615,0.673224149037142,-0.013916199267351775,-0.7392980559032046
1592211155.3024457,-0.028613865540106403,0.32395595328363647,0.00544135784870449,-0.0035873525258597405,0.6726986712254769,-0.013741344069299109,-0.7397804946690453
1592211155.3124456,-0.028587759935204658,0.32395399367911554,0.005442016759804852,-0.0034919737359100905,0.6721707141324493,-0.013571824441626924,-0.7402637727355057
1592211155.3224456,-0.02857758127551527,0.3239536199291602,0.005442872295333109,-0.0034170128627655717,0.671774060638752,-0.013469011025227634,-0.7406255445063542
1592211155.3324456,-0.028574802133712548,0.32395361967207326,0.005443240650500826,-0.003367822265861567,0.6715491265879934,-0.01342826391616348,-0.7408308581533211
1592211155.3424456,-0.02857437577045135,0.3239536198238986,0.005443235735529674,-0.0033208814044264055,0.6714213352806061,-0.013428166910075756,-0.7409463792137446
1592211155.3524456,-0.028573854244971972,0.3239536200096106,0.005443229723560727,-0.0032949568796734816,0.6713201417097147,-0.013453344962612147,-0.7410377289293058
1592211155.3624456,-0.028573375836951603,0.32395362017996876,0.0054432242086352315,-0.0033189464326539874,0.6712206562380926,-0.013468468752381493,-0.741127857153744
1592211155.3724456,-0.028573375836951603,0.32395362017996876,0.0054432242086352315,-0.0033213335022916663,0.6711374651798333,-0.013505933907791664,-0.741202201317875
1592211155.3824456,-0.028573375836951603,0.32395362017996876,0.0054432242086352315,-0.003351461636727982,0.6710524200276358,-0.013549343301091673,-0.7412782574758188
1592211155.3924456,-0.028573375836951603,0.32395362017996876,0.0054432242086352315,-0.003382348716670641,0.6709950110487075,-0.013607697433341281,-0.7413293431923168
1592211155.4024456,-0.028573375836951603,0.32395362017996876,0.0054432242086352315,-0.0034312603784590425,0.6709236562964688,-0.013652177053386817,-0.7413924166253612
1592211155.4124455,-0.028573375836951603,0.32395362017996876,0.0054432242086352315,-0.0035057817457050775,0.6708501400797244,-0.013707062962658072,-0.7414577817457051
1592211155.4224455,-0.028573375836951603,0.32395362017996876,0.0054432242086352315,-0.0035625288944070373,0.6707977804785332,-0.013763874207936861,-0.7415042374917614
1592211155.4324455,-0.028573375836951603,0.32395362017996876,0.0054432242086352315,-0.003601519786894926,0.670779903957379,-0.013805327701652896,-0.741519096042621
1592211155.4424455,-0.028573375836951603,0.32395362017996876,0.0054432242086352315,-0.0036349256383107075,0.6707920945862913,-0.0138562195094855,-0.7415076317671359
1592211155.4524455,-0.028573375836951603,0.32395362017996876,0.0054432242086352315,-0.003677032786662132,0.6708216422368553,-0.01394014946900707,-0.7414788322086343
1592211155.4624455,-0.028573588301466713,0.32395362010431145,0.005443226657854144,-0.003709224273929686,0.6708961365817346,-0.014048136581734602,-0.7414085008542004
1592211155.4724455,-0.028574567276638693,0.3239546197509195,0.005443241053194628,-0.003770883153347319,0.6709807359611227,-0.014150707127429163,-0.7413296464362854
1592211155.4824455,-0.028575539283636365,0.3239546188904492,0.005443417442932798,-0.003835468666501972,0.6710655532692452,-0.014276066697887243,-0.7412504377783268
1592211155.4924455,-0.02857736440775764,0.3239547547907542,0.005444273791943918,-0.003857165097080569,0.6712285494903855,-0.014400261771895732,-0.7411004245630205
1592211155.5024455,-0.02857836461689969,0.32395561527998024,0.005444287999297922,-0.00382257272975087,0.671393746299771,-0.014471963919757568,-0.7409492176199866
1592211155.5124454,-0.02857836461689969,0.32395561527998024,0.005444287999297922,-0.0037550811817497736,0.671544216174271,-0.014474783825729072,-0.7408139459822985
1592211155.5224454,-0.02857836461689969,0.32395561527998024,0.005444287999297922,-0.00367250274273853,0.6715493035403277,-0.01447370119638375,-0.7408094228371446
1592211155.5324454,-0.0285793869693456,0.3239546148490727,0.005444319681885804,-0.0037084171298589065,0.6715782775825835,-0.014599046011769364,-0.7407809064644939
1592211155.5424454,-0.028582346466707254,0.3239546107529081,0.005445330852271645,-0.003979746469177416,0.6717178702163646,-0.014752541229940085,-0.7406491297836354
1592211155.5524454,-0.02858726504904818,0.3239546090014311,0.0054453875520216405,-0.004224498438410021,0.6716853775503269,-0.015058643650074213,-0.7406717386190045
1592211155.5624454,-0.028602777737136546,0.32395359742582724,0.005447508320359197,-0.00464655498358524,0.6717430176080048,-0.01545255498358524,-0.7406090925248839
1592211155.5724454,-0.02864241735201813,0.32395549034094995,0.0054517832699125,-0.005116024810543837,0.6720024578776103,-0.015999916105690255,-0.740357974488517
1592211155.5824454,-0.02869049768446773,0.3239611964827071,0.0054582596000014106,-0.0055473357757296286,0.6724178832211559,-0.016603832129680494,-0.7399647591151228
1592211155.5924454,-0.028732369924688042,0.3239652268832912,0.005463816321384268,-0.005924672378576391,0.6728474716352097,-0.01719594698725294,-0.7395572758999946
1592211155.6024454,-0.028762724155446142,0.3239683119365892,0.005468114097608713,-0.00628936655355681,0.6731784510130826,-0.01777560388430087,-0.7392396980578496
1592211155.6124454,-0.028784099396024464,0.32396946533183746,0.005471310226275024,-0.00663568108350868,0.6734002626605363,-0.0183511962761523,-0.7390207373394637
1592211155.6224453,-0.028802047469263282,0.323968678556532,0.005472685993073875,-0.007022231851035728,0.6735338183700996,-0.01888372933229427,-0.73888185140769
1592211155.6324453,-0.028818049371845206,0.323965945145568,0.005473836019751952,-0.007466169170832523,0.6736613066292193,-0.019375174905437016,-0.7387481919371296
1592211155.6424453,-0.02883456898969131,0.3239619928105448,0.0054735387351650564,-0.00793275217338856,0.6738278013390334,-0.019872420105827113,-0.7385780245828224
1592211155.6524453,-0.02885058821687854,0.323956359442573,0.005473430570094652,-0.008393840618209147,0.6739959483319137,-0.020449650593696442,-0.7384038958015333
1592211155.6624453,-0.028866376117110324,0.3239474320746647,0.005473584820479124,-0.00879665660873576,0.674062,-0.021121651741995,-0.738320000556199
1592211155.6724453,-0.028885016365461282,0.32392917580730307,0.00547374294147447,-0.00911880294460387,0.6739815602388034,-0.021853231483955085,-0.7383683828889469
1592211155.6824453,-0.02893390709666332,0.3238465908723355,0.005474658338674705,-0.00951257800790156,0.673762849397844,-0.02251130120431198,-0.7385433283511683
1592211155.6924453,-0.029004498592120016,0.32364021747331195,0.005480969799291943,-0.009888766941137963,0.6734070680108497,-0.023076631001537787,-0.7388457863649903
1592211155.7024453,-0.029051105735678713,0.32331982875787324,0.005484869767425166,-0.010247251147664132,0.6730047714714784,-0.02347214481263351,-0.7391947398380928
1592211155.7124453,-0.02905836111846642,0.32287956238011595,0.0054839044905629466,-0.010588779031068278,0.6724616021312283,-0.02374015174133719,-0.7396755665141642
1592211155.7224452,-0.029015614155685453,0.3224002806437245,0.005468509198867117,-0.010923246827072425,0.6717925409409136,-0.023821495282492035,-0.7402755125241767
1592211155.7324452,-0.028929597836469936,0.321919580925493,0.005446698604735606,-0.011210412440515929,0.6710825419055609,-0.023802858755948408,-0.740915506765673
1592211155.7424452,-0.02881973832434154,0.321465912216673,0.005432648859690403,-0.011433655341187699,0.6702921091513886,-0.023781144828921946,-0.7416284820568103
1592211155.7524452,-0.02870763130923359,0.32104675952508394,0.0054084242166232265,-0.011682124065432927,0.669586110191784,-0.023616123752627755,-0.7422666995025905
1592211155.7624452,-0.028607189359408088,0.3206757523733197,0.005380472579805669,-0.011910108413293203,0.66898451762928,-0.02346231178089241,-0.7428102581017685
1592211155.7724452,-0.028540492574553895,0.32036152750213087,0.005355958400352556,-0.012196486368009922,0.6684392257858747,-0.02334164019235565,-0.7433000794229331
1592211155.7824452,-0.028517641999252198,0.3201464997197695,0.0053313803927193685,-0.012587330760672404,0.668068985195947,-0.02323154964569649,-0.7436299709211891
1592211155.7924452,-0.02852493667815199,0.320099509118511,0.005323051100903431,-0.013060251644742048,0.6679493070424648,-0.02315827718301407,-0.7437313827227864
1592211155.8024452,-0.02854140372514604,0.32008343960757885,0.005319242735284196,-0.01343303159768592,0.6680979579083749,-0.02317910526592987,-0.7435913157767226
1592211155.8124452,-0.028575414081840916,0.3200623870934181,0.005314362848745027,-0.013809124715011523,0.6683839244559476,-0.02322619647668243,-0.7433254319689221
1592211155.8224452,-0.02863068683099916,0.32002780391054986,0.005307535862631096,-0.014306640347208112,0.6687391571956386,-0.023288045537502976,-0.7429945564656124
1592211155.8324451,-0.028711384379473976,0.3199756420112519,0.005298439388163994,-0.014863287813974934,0.669092799463838,-0.023389321953493733,-0.7426621896963694
1592211155.8424451,-0.028818161924418877,0.3199069446292436,0.005288610225403818,-0.015421722358613287,0.6694631090095209,-0.02355147886797044,-0.7423115716508608
1592211155.8524451,-0.028967013251054018,0.31981901838417726,0.005281182330078512,-0.015972345614448536,0.6698793798534131,-0.023768613199247723,-0.7419174666916694
1592211155.862445,-0.029143006941484192,0.31971956635845716,0.0052729154093941345,-0.016494800121220073,0.67035680012122,-0.024024214801002385,-0.7414664760750286
1592211155.872445,-0.02933592393720544,0.3196006183971974,0.00526555501340707,-0.016872239780660193,0.6707186500913915,-0.024417667788323622,-0.741118
1592211155.882445,-0.02953537280354184,0.3194105296391142,0.005275127593271206,-0.016679611503869596,0.6703465240592407,-0.025443355237372584,-0.7414240074813202
1592211155.892445,-0.029734009190689806,0.3190860720314914,0.005317574929334313,-0.015890095764521543,0.6689242522636824,-0.02723061023868647,-0.7426616089953365
1592211155.902445,-0.029896769129739723,0.31865185634798737,0.005370928452616717,-0.01612024435106677,0.6683317405144695,-0.028028200511546305,-0.7431602005115463
1592211155.912445,-0.030005589622864925,0.318060280688193,0.00533884269835709,-0.01638193328435201,0.6682370465889377,-0.02804632202736543,-0.7432390741713244
1592211155.922445,-0.030045657188492468,0.31736495603301357,0.00534123812179556,-0.016107876472473855,0.667930307147955,-0.028145477022874916,-0.7435164774160185
1592211155.932445,-0.03005974138132553,0.316626223202101,0.0053401119632453965,-0.015927786719501524,0.6676540876596716,-0.027947026046617772,-0.7437763815338014
1592211155.942445,-0.030044528689907177,0.31585270557720974,0.005305753026056834,-0.0157552983167749,0.6673563432521388,-0.027606320784456868,-0.7440596989780963
1592211155.952445,-0.030002599482088357,0.31504946284227775,0.005265992770566467,-0.015564382109496209,0.6668619988175529,-0.027214338949988613,-0.7445216943951705
1592211155.962445,-0.029945191732653434,0.31423219184538936,0.005226509880355321,-0.015319004078336486,0.6664757552678512,-0.026812502379029615,-0.7448870576144928
1592211155.972445,-0.029889951590964903,0.3134148889941971,0.00521043421797092,-0.015070130514057973,0.6659145633398219,-0.026479287272371227,-0.7454059887950795
1592211155.982445,-0.02984687614509917,0.3125976785449494,0.005184275915850823,-0.014804120604875591,0.6656300243199778,-0.02612550191482224,-0.7456771062813111
1592211155.992445,-0.02980699139544604,0.3117743894473897,0.005177512336481342,-0.014464372559927328,0.6652360643215893,-0.025867304689141328,-0.746044579721482
1592211156.002445,-0.029764276487943428,0.31090048678421967,0.005153269334014372,-0.014159688232700323,0.6650048973078276,-0.02551041771597962,-0.7462694346504863
1592211156.012445,-0.0297120858035608,0.30998271636883856,0.005146420688337246,-0.01372807501121271,0.6647214002869882,-0.025265544946339934,-0.7465372314549629
1592211156.022445,-0.029653298144037922,0.3090153613019471,0.0051451700500132645,-0.013346456746569847,0.6644302069357148,-0.0249861322825091,-0.746813415384589
1592211156.032445,-0.029587711924878413,0.3080015774819691,0.005135641576355149,-0.012897531215326958,0.6641684234380884,-0.024708802231108166,-0.7470633484488616
1592211156.042445,-0.02951430523888481,0.30694287423749494,0.0051370122885212345,-0.012374456120747777,0.6639187887664532,-0.024447819119492724,-0.7473022415865865
1592211156.052445,-0.02943536475334329,0.3058392984463654,0.005128257443511965,-0.01189782880800989,0.6637029533126788,-0.024065206238354796,-0.7475136381269499
1592211156.062445,-0.02934837501584394,0.3047028008672849,0.0051125715781936976,-0.011426683654885549,0.6635388088499109,-0.023628748530858265,-0.7476811911500891
1592211156.072445,-0.029254555811271857,0.30353708485472186,0.005110560948673207,-0.01086924301905952,0.6633173518138257,-0.023303097541733837,-0.7478960300119496
1592211156.082445,-0.029155575110780024,0.30232913198928424,0.005092555142695333,-0.010416631440526711,0.6631683316350251,-0.022834759703603078,-0.7480497218341728
1592211156.092445,-0.029058653486896163,0.3010855369122307,0.005082676688226513,-0.009883596243951182,0.6629930247593675,-0.022490412538474794,-0.748222584266137
1592211156.102445,-0.028972841122437636,0.29979247527688724,0.005074210334915942,-0.009368045618123481,0.6628237882004123,-0.022096705751546278,-0.7483904882745361
1592211156.1124449,-0.02889669541968296,0.298439907923061,0.005073152212204329,-0.008754955374976494,0.662670355817155,-0.021804848195410072,-0.7485427856408672
1592211156.1224449,-0.028821805672260524,0.29701498790661973,0.005058083314550122,-0.008220105403987897,0.6625539791951969,-0.021342879332141934,-0.7486650249657637
1592211156.1324449,-0.028735563569747238,0.2955232202417383,0.005053796159874077,-0.007550086757021715,0.6624220769213591,-0.021012042033223977,-0.7487976654758185
1592211156.1424448,-0.028625201146318224,0.29397026723854963,0.005026803680753122,-0.007052490028293207,0.6623107273284744,-0.020401574972476143,-0.7489179588867361
1592211156.1524448,-0.028486942020384945,0.29239538168971024,0.005016430063870671,-0.00640640527686208,0.6620762229266585,-0.0199862945450628,-0.7491422114414065
1592211156.1624448,-0.02832730676597643,0.29080122796694075,0.004995960209957364,-0.005847801304893026,0.6619157544314099,-0.019375214714491426,-0.74930524556859
1592211156.1724448,-0.028157177585972023,0.28918665247464936,0.004974706732999787,-0.005202021454782248,0.6617424634499667,-0.01880889811254468,-0.7494770587063723
1592211156.1824448,-0.028013048805960873,0.28754890768989466,0.004962517700446601,-0.00458659518814894,0.6615891915943554,-0.018302475620611745,-0.7496290434597024
1592211156.1924448,-0.027906585047428985,0.28588201824590687,0.004958360516260733,-0.00402924586552743,0.6614791755923928,-0.01785564550763644,-0.7497398244076072
1592211156.2024448,-0.027834106710530597,0.284171827008558,0.004964318825939635,-0.003473215826093629,0.6613964248539917,-0.017558594902017922,-0.7498229411576889
1592211156.2124448,-0.027794543941940586,0.2824010655243667,0.004958675586631492,-0.003072882923020947,0.6613371101509395,-0.017260121429761164,-0.749884261922136
1592211156.2224448,-0.02778142571635485,0.2805701320913318,0.004950893460413621,-0.002748514637689937,0.6612417506653495,-0.017023003193677805,-0.7499743742681155
1592211156.2324448,-0.027780927713408978,0.27868559625442146,0.004962932510567814,-0.0023190482720932912,0.6611973275850291,-0.01692791723808163,-0.7500173920700727
1592211156.2424448,-0.027783958375275548,0.27676055336637573,0.004965528719403035,-0.001974353904823984,0.661096838476206,-0.016681937021311266,-0.7501120269908667
1592211156.2524447,-0.02778014317092044,0.27486834786015973,0.004967351751340383,-0.0015652051101465966,0.6609770167887067,-0.016494049489917242,-0.7502237020434374
1592211156.2624447,-0.027770680690117698,0.2729202440912002,0.004956272123784628,-0.0012324781418479888,0.6608547706051662,-0.01613516632634952,-0.750339125208831
1592211156.2724447,-0.02776316190258176,0.27113183652513045,0.004954571617277753,-0.0007770218209127528,0.6606806068682579,-0.01589281434458529,-0.7504984450008241
1592211156.2824447,-0.027768504415549428,0.26943110811222026,0.004941509710507633,-0.0004856816529728898,0.660559373284872,-0.015550775286032348,-0.7506126891371676
1592211156.2924447,-0.02779313573525465,0.26772404966530683,0.004942077444235424,-0.00019430022663040211,0.6604307728302865,-0.015324111585116075,-0.7507304786917326
1592211156.3024447,-0.027829654335099,0.265995878918422,0.004943091478850988,9.30210708851718e-05,0.6603454526253167,-0.015118136827848808,-0.7508098315848099
1592211156.3124447,-0.027867562348543484,0.2642451052329604,0.004940125190513386,0.0003310429365086674,0.6602947279890605,-0.014882555841376661,-0.7508591506794294
1592211156.3224447,-0.02789630280003755,0.26246845411411246,0.004941732119398577,0.0006160855931656297,0.6602573576899015,-0.014660166321489228,-0.7508963475988609
1592211156.3324447,-0.027916834940121565,0.2603069148777696,0.004942618924604741,0.0008733905127716468,0.6602283498885279,-0.014445158017495725,-0.7509258284410897
1592211156.3424447,-0.02793285976508668,0.25832065921129,0.004949500766405297,0.0011410715392924417,0.6600915505186561,-0.014349172576604565,-0.751047244115897
1592211156.3524446,-0.02795758428863196,0.2563882856307763,0.004943662622189156,0.0012257084816313713,0.6599754418484488,-0.014114138648099581,-0.7511537882175673
1592211156.3624446,-0.02800044413993802,0.2545188551396653,0.004941622831453405,0.0013379285302338626,0.6599352093291501,-0.014041724281232189,-0.7511898205750143
1592211156.3724446,-0.0280661646451654,0.25264944800401723,0.004948612798761865,0.0013959589931076752,0.6599188814983519,-0.013972402001797998,-0.7512058350014983
1592211156.3824446,-0.028141987086417648,0.2504119308259349,0.004944826446063851,0.0014682765740789373,0.6599938263261714,-0.013895878557338728,-0.7511412917204244
1592211156.3924446,-0.028195294976438485,0.2481260888738867,0.0049317129738480426,0.0014942672971227525,0.6601038874705563,-0.013750160598817155,-0.7510466365641304
1592211156.4024446,-0.028213341402379553,0.24586613101011195,0.004930076733728365,0.0015664834476810856,0.6601546153444806,-0.01369465896224597,-0.7510030110348793
1592211156.4124446,-0.02820430049897603,0.24363655273928747,0.004926960585146708,0.0015796074602741365,0.6601868010657534,-0.01367521136803678,-0.7509755985789954
1592211156.4224446,-0.02817896278858288,0.2414247072238898,0.004923417798046513,0.0015260300489159215,0.6601378694843762,-0.013694421595787376,-0.7510179887316565
1592211156.4324446,-0.028153835792690197,0.2392168949563746,0.004910283841791052,0.0013596523672319185,0.660107613543754,-0.013742446728876144,-0.7510438381492153
1592211156.4424446,-0.028144109623796734,0.23704099812602894,0.004905953026950982,0.0011952725522990826,0.6600476708041406,-0.013982560839264876,-0.751092715384663
1592211156.4524446,-0.028156408719272143,0.2351506088090549,0.0048977056491998055,0.0009020937211965045,0.6600243339887469,-0.014220929742020902,-0.7511091757766208
1592211156.4624445,-0.028182253863470973,0.23330494012489766,0.004900158089659982,0.0006153281345209507,0.6600405399678069,-0.014585367508479836,-0.7510881528778385
1592211156.4724445,-0.028212312563936755,0.23132068251887716,0.004894381339659468,0.00017883886392525096,0.6600584221724061,-0.014852924912849536,-0.7510680099900257
1592211156.4824445,-0.028235732081816043,0.22903890641001914,0.004896560183441544,-0.0002467529949868846,0.6600428501157539,-0.015243384695780508,-0.7510736823627249
1592211156.4924445,-0.028256502363998806,0.22678076481922246,0.004894340175557723,-0.0008079524360222849,0.6599435556599689,-0.015602923413325946,-0.7511530233121291
1592211156.5024445,-0.028272068402164337,0.22455040740928867,0.0048947161878344515,-0.0013670220507970312,0.6598154143797885,-0.016038977852436624,-0.7512550165622893
1592211156.5124445,-0.02828994362632938,0.22234313980004866,0.004903214182713655,-0.001971036745335471,0.6596796946556959,-0.016550290082280664,-0.7513620849242091
1592211156.5224445,-0.02831349863253201,0.220283719429034,0.004904865331265343,-0.002641917316520545,0.6596642637135881,-0.01707731024735916,-0.7513617761074045
1592211156.5324445,-0.028343072400704883,0.2184434846031237,0.004909601651676395,-0.0033396373181363917,0.659561260384897,-0.017656968690108285,-0.7514359597020152
1592211156.5424445,-0.028383771347521233,0.21654742170756164,0.0048979835284377994,-0.004112973812597494,0.6594895334250236,-0.018189022055154696,-0.7514818070297712
1592211156.5524445,-0.02842880880483317,0.21458286469965437,0.004896664694764797,-0.0047694837101081265,0.65939443043685,-0.018800728732012963,-0.7515468145850548
1592211156.5624444,-0.028471230175561413,0.21239231098898392,0.004901999793499323,-0.005382769184952649,0.6593200320602927,-0.019358865342005965,-0.7515938076858933
1592211156.5724444,-0.02849963242913977,0.2101294655312829,0.00490520195245818,-0.005941953789077948,0.6591773526368628,-0.019904570051062154,-0.7517007868775182
1592211156.5824444,-0.028510048006912227,0.2078368511834742,0.004898606455389798,-0.006414655418869068,0.6590431574687374,-0.020395504993137078,-0.7518015416797985
1592211156.5924444,-0.028499517600665665,0.20553497188701011,0.004894070612258222,-0.006872294412929227,0.6588800595241622,-0.02082476739834503,-0.7519282098593091
1592211156.6024444,-0.028474800755960927,0.20323266112855137,0.004887852747685657,-0.007298624934161284,0.658728786297403,-0.021200458479631614,-0.7520458497191
1592211156.6124444,-0.02845055282239285,0.20093941667462872,0.004889313875184316,-0.007667000303188,0.6585784128568867,-0.021616557473374806,-0.7521619403573351
1592211156.6224444,-0.02843825066603276,0.198817813453038,0.004880331692951463,-0.008079389799032501,0.6585101423718606,-0.02191348811058258,-0.7522087389849224
1592211156.6324444,-0.028434784716198855,0.1968161821891099,0.004863219614623547,-0.008390699293664858,0.6585229839317225,-0.022224614361341193,-0.7521850298410867
1592211156.6424444,-0.028428364653465557,0.19462522700945212,0.004843592311864436,-0.008670879313158885,0.6584953413791228,-0.022393122414824926,-0.7522017951725264
1592211156.6524444,-0.028405324286777257,0.1923230097563229,0.004830001792359357,-0.008819217755655393,0.6584451737474294,-0.022605032910941406,-0.7522382610020565
1592211156.6624444,-0.02835570417721821,0.18997802655237261,0.0047964084388599825,-0.0090354969043301,0.6584234319588941,-0.022619259175336453,-0.7522537408246636
1592211156.6724443,-0.02827548693050272,0.18760667988476168,0.0047820514034306585,-0.008949614065385072,0.6583829462990535,-0.02278037419162673,-0.7522849530280472
1592211156.6824443,-0.02820219825706077,0.18519087820861,0.004761581855596988,-0.008845030920025636,0.6582902150399413,-0.022736689399505582,-0.752368508080066
1592211156.6924443,-0.028115303088166923,0.1827385293633859,0.0047106159933848575,-0.008724047564382262,0.6582887618910955,-0.022565491597844507,-0.7523765770436748
1592211156.7024443,-0.028031441607761054,0.1803743185913446,0.004683379161390789,-0.00853931051568182,0.6581042756380531,-0.022430472150290256,-0.7525440999476068
1592211156.7124443,-0.027966324557070644,0.17824924460595068,0.004645612622368475,-0.008404693049783057,0.6579263606587039,-0.02219270435683294,-0.7527087520228308
1592211156.7224443,-0.027921028869957176,0.17623680135160086,0.00462029417534857,-0.00807929776123118,0.657757016230319,-0.022097159126167717,-0.7528627551905112
1592211156.7324443,-0.027893932535264582,0.17422394495339114,0.0045888793549995815,-0.007827771046521699,0.657655088923375,-0.0218187710465217,-0.7529623532198405
1592211156.7424443,-0.02787902566331838,0.1722137796003456,0.004560756563806086,-0.007507116727358764,0.6576251754924679,-0.021643296093360978,-0.7529968921536172
1592211156.7524443,-0.02787305380615181,0.1701226961892265,0.004533776799579504,-0.00718768983723922,0.6575655311936268,-0.02147210873178052,-0.7530571301254645
1592211156.7624443,-0.027862614576200956,0.16776451886826735,0.004490439585569173,-0.006879188083096078,0.6574853293659323,-0.02126262346628417,-0.7531357647491205
1592211156.7724442,-0.027836970292600283,0.1655632864149562,0.004473269457625308,-0.006531033222353411,0.6574188609368953,-0.021099463641761504,-0.7532013576048521
1592211156.7824442,-0.027806924848162082,0.1632860029509379,0.00445500164507653,-0.0062662596094162516,0.657412583246762,-0.02086809415474803,-0.753215749740286
1592211156.7924442,-0.027787090937828232,0.16112756402006723,0.0044329388897813345,-0.0060204015981323656,0.6574276566640804,-0.020666238308764434,-0.753209457781226
1592211156.8024442,-0.027779472824420007,0.1590193309357125,0.004412767491494127,-0.005801065690241287,0.657376500823288,-0.020445414637247257,-0.7532630927723454
1592211156.8124442,-0.02778352029916035,0.15687576334393702,0.004385464836066105,-0.005673074777591015,0.6573525246426152,-0.020214047585739737,-0.7532904770568755
1592211156.8224442,-0.027793834779696516,0.15467510191031106,0.004364499105099064,-0.0055355397375851136,0.6572857723764918,-0.020100554783780564,-0.7533527573302964
1592211156.8324442,-0.02780230717994044,0.15232859682726868,0.004336953377215657,-0.005461620968276153,0.6572603413066979,-0.01996882244418481,-0.7533791057955348
1592211156.8424442,-0.02780575070938361,0.15002279983345576,0.004320723849252604,-0.0053106309303107835,0.6571859814471501,-0.019948839176868922,-0.7534454144295708
1592211156.8524442,-0.027804342293631823,0.147626453399698,0.004298815786047544,-0.0051943788817969926,0.6569869299271139,-0.019836770448640052,-0.7536227907447137
1592211156.8624442,-0.02780280322987655,0.14534857932189305,0.004285188493491036,-0.004985898272914207,0.656782528330165,-0.019807993062975933,-0.7538033895896837
1592211156.8724442,-0.0277773192142421,0.1428664713351039,0.004268430795837014,-0.00485196716547893,0.6565420305260835,-0.019708605985747155,-0.7540162736210089
1592211156.8824441,-0.027748399971723802,0.14048289190058139,0.004245373079174003,-0.004724399543617108,0.6564061996450354,-0.01966990929835586,-0.7541367093997743
1592211156.8924441,-0.02772541652524009,0.13814277562105493,0.004238684440110624,-0.004580823254006542,0.656262217801075,-0.019709673456482082,-0.754261108742443
1592211156.9024441,-0.02769072301895607,0.13550782460680164,0.004221661308126782,-0.004470321111223375,0.6561666317025833,-0.019709988458788606,-0.7543458509855997
1592211156.912444,-0.027626791002889218,0.1327908738505035,0.004202603783901776,-0.0043274899373083806,0.6560949255522365,-0.019679749495519216,-0.7544093938641813
1592211156.922444,-0.027527454015503338,0.13005385116671941,0.0041794843405811785,-0.004182822298456834,0.6559886281472325,-0.019509651907883122,-0.7545069744116069
1592211156.932444,-0.02739331393422445,0.12731064762070426,0.004139142752915447,-0.004058707146422218,0.6558530796594443,-0.019199783543007727,-0.7546335827629677
1592211156.942444,-0.027232930349477054,0.12456396253909904,0.004118465401892743,-0.003694773171661947,0.6557172546209208,-0.01908324136081147,-0.7547561843691651
1592211156.952444,-0.02705349161258764,0.12177697933704604,0.004098320212254916,-0.0032889531950552504,0.6555259176885829,-0.018807192381480868,-0.754931639445038
1592211156.962444,-0.026872845909533316,0.11896434274009766,0.004061614842582479,-0.002932282961160114,0.6553743256036096,-0.018462530751656162,-0.7550731662414897
1592211156.972444,-0.026732649172891056,0.11655919003731978,0.004050293688304506,-0.0024626849165785172,0.6552549466068862,-0.018298893213772524,-0.7551828773879897
1592211156.982444,-0.02662404900850098,0.11417495631559947,0.004060798213487073,-0.001965120759670299,0.65519740043097,-0.018176922739224704,-0.7552364363477004
1592211156.992444,-0.026537039270627217,0.11177128282007281,0.0040869510384083626,-0.001437104812142329,0.6550636775548436,-0.01813628296207597,-0.7553542763815625
1592211157.002444,-0.026450095501299217,0.1093210794773805,0.004127493999612125,-0.0008508318042649889,0.6550081779955516,-0.01821798288256299,-0.7554008728603203
1592211157.012444,-0.02635891352756865,0.10682551043524981,0.004173931246237618,-0.0002782298052269016,0.6550723244936764,-0.018243970959106293,-0.7553463153420109
1592211157.022444,-0.026247491519424907,0.10401679381233243,0.004234335513813415,0.0004311013936933185,0.6551595982391542,-0.018266690095374728,-0.7552690918562206
1592211157.032444,-0.026120681506016548,0.10106779334373704,0.004306382430762494,0.0012019453974146705,0.6551714140010603,-0.018256552503976176,-0.7552586894992048
1592211157.042444,-0.025987838071628862,0.09812628500738908,0.004370392095864217,0.0019200550422780196,0.6551730571343923,-0.018169807657421023,-0.75525768381686
1592211157.052444,-0.025862307635276503,0.09527267744768375,0.004415697515981016,0.0025723273113205294,0.6552588602387429,-0.01795706557442999,-0.7551861703252691
1592211157.062444,-0.025757783330626914,0.09254556773553851,0.004454770080481766,0.0033188993526056627,0.6552711255794541,-0.017785508498660004,-0.755177874420546
1592211157.072444,-0.02566988643884471,0.08988125202718379,0.004491390945981973,0.003989732899239097,0.6552749433854663,-0.017567558016811712,-0.7551754016257051
1592211157.082444,-0.025604733919086298,0.0873096695600682,0.004515571612151186,0.004541004797630971,0.6552596330623447,-0.017377269256305873,-0.7551901039445825
1592211157.092444,-0.025556221509853306,0.08475500987010988,0.004531247947637348,0.004953216145341849,0.6552302716930845,-0.017256607406365684,-0.755216
1592211157.102444,-0.025519337143150578,0.08216057524233307,0.004558466949829808,0.005414761570460758,0.6552579159796472,-0.017287114140337553,-0.7551876794547392
1592211157.112444,-0.02548914826904848,0.07947315526902905,0.004595774740779016,0.0057540427927874555,0.6552477054652306,-0.01737602139639373,-0.7551926223254508
1592211157.122444,-0.02546867942914333,0.0767819099483617,0.004634816669378007,0.006021930534725129,0.6553121915817767,-0.017577181058997526,-0.755129741050038
1592211157.132444,-0.025451048270289777,0.07404687804883328,0.004678933195533069,0.006263836990245822,0.6553870183408086,-0.017856473517548835,-0.7550559816591914
1592211157.142444,-0.025432528219471832,0.07124635103208446,0.004729333801731671,0.0064843364263111125,0.6553911707532012,-0.018167362345132335,-0.7550437089316261
1592211157.152444,-0.025404899791651052,0.06834257604756451,0.004774183853285431,0.006670606845766051,0.6554204427383064,-0.01846121083912958,-0.7550091173757897
1592211157.1624439,-0.02536996818499133,0.06543176250151832,0.004795094562195869,0.006755681799746813,0.6553911591406836,-0.018603636319392353,-0.7550300340494304
1592211157.1724439,-0.025347286696109868,0.06285658281912773,0.004780471630250345,0.006735889480299008,0.6552471634172742,-0.018671180850419807,-0.7551537863464981
1592211157.1824439,-0.025328567693780547,0.06037613198605124,0.004747468609482661,0.006613350257021259,0.6551014905238037,-0.018677335751003037,-0.7552812253161267
1592211157.1924438,-0.025309893805695226,0.05789892093027777,0.004704162932576296,0.006423500695701099,0.6549223006704029,-0.01869479997470178,-0.7554378494118164
1592211157.2024438,-0.025293109721359657,0.0554196149477098,0.004652656165048773,0.006127782117414002,0.654707059226099,-0.018692944578263013,-0.7556268531391198
1592211157.2124438,-0.02528509045692734,0.0528237647558076,0.0045867492731749455,0.005712002690556522,0.6544794609270442,-0.018693734254603016,-0.7558267740001978
1592211157.2224438,-0.025282950505599054,0.05012887096682621,0.004517889597593742,0.005285756123745262,0.6542311797865892,-0.01872387685390336,-0.7560439852358922
1592211157.2324438,-0.025277307949429634,0.04735963848188692,0.004457038426212653,0.004913354908584946,0.6540896674464947,-0.018810572047483078,-0.7561672571700897
1592211157.2424438,-0.025264769073944468,0.04459437360024305,0.004404969289925757,0.004560097985827217,0.6539537751632152,-0.018882027892764632,-0.7562857724961817
1592211157.2524438,-0.025252477751861263,0.041901943062973075,0.004360547534453026,0.004209147167733085,0.65380580792171,-0.018990557327205383,-0.7564117381778561
1592211157.2624438,-0.02523919420504524,0.03921099106134173,0.004315491195169574,0.0037849488195571624,0.6536271245509566,-0.019150725115668486,-0.7565645192407153
1592211157.2724438,-0.025229885726517652,0.03657881006065582,0.004274436162915848,0.003218291024229377,0.6534701701297607,-0.019205105579585307,-0.7567020574411739
1592211157.2824438,-0.025224192314394666,0.03395576157284086,0.004257015607506201,0.0024570143983679723,0.6532188143843856,-0.019203915033136683,-0.7569212666620059
1592211157.2924438,-0.025234772604263378,0.03150927669364386,0.004231063070714671,0.0016610959237467148,0.6529302781055251,-0.01922883997155752,-0.7571726346920844
1592211157.3024437,-0.02525792757142048,0.029068994688686362,0.004198747736773862,0.0008385466983516722,0.6526639554764854,-0.01930922981414031,-0.7574009209964309
1592211157.3124437,-0.025288992574266284,0.026542074447833842,0.00416586084154585,0.00011088935442781245,0.6525373297087897,-0.01947853938366109,-0.7575061624144781
1592211157.3224437,-0.02531877469223111,0.02394793722811264,0.004138144556797484,-0.0005349007171096531,0.6525011033094297,-0.01967734704912515,-0.7575322988968568
1592211157.3324437,-0.02534439057607575,0.021357734538381808,0.004127285203310207,-0.001038921496485794,0.6524504394965664,-0.019939859979277795,-0.7575678887103329
1592211157.3424437,-0.02536926063089877,0.018832911486825275,0.004131608260487001,-0.0015162627297286868,0.6523959584401117,-0.02017974295262765,-0.7576079584401116
1592211157.3524437,-0.02540088352906827,0.016356531735331397,0.004138009735950627,-0.0020492257601081565,0.6523574102686893,-0.02030614141544008,-0.7576364755897667
1592211157.3624437,-0.025444461510968384,0.013963955500245043,0.0041360098694168505,-0.0025494921384346505,0.6522674788570894,-0.020495811113433314,-0.7577076367291047
1592211157.3724437,-0.025502746706101944,0.011566362519610176,0.0041273431278207465,-0.003085345807595318,0.652178723119224,-0.02063385151652671,-0.7577784470264758
1592211157.3824437,-0.025558374802576396,0.008738524266251635,0.0041049263374026675,-0.0037611928312767397,0.652311555309821,-0.020663508331744018,-0.7576596219637732
1592211157.3924437,-0.02561986443700714,0.005920264192055395,0.004067369630871018,-0.004392543745089475,0.6523074454782012,-0.020681797108209006,-0.7576593111989394
1592211157.4024436,-0.025684046059332284,0.003108098245172142,0.004037243882833381,-0.004944038680895043,0.6522447084337246,-0.020733451997438385,-0.7577091709575241
1592211157.4124436,-0.025752105426247045,0.0002994744300598221,0.004011460085559046,-0.005458309168917247,0.6522354115957902,-0.020716747826767266,-0.7577136570035081
1592211157.4224436,-0.025816317931067045,-0.0023933953930548803,0.003979951304211766,-0.00609439571404517,0.6521472193238464,-0.020568576685752772,-0.7577890314428259
1592211157.4324436,-0.025875350615414468,-0.004954378372207286,0.0039328709102677255,-0.006746037918676486,0.6521206376405139,-0.020474574087376414,-0.757808181179743
1592211157.4424436,-0.02592909156207804,-0.007437450826066986,0.0038912875033722517,-0.007361165622968756,0.6520628453126451,-0.020470847395619156,-0.7578527697915699
1592211157.4524436,-0.0259789000851706,-0.00986738465578854,0.0038703871776294167,-0.007937276209321217,0.6520507883323859,-0.020578861126900518,-0.7578545255549239
1592211157.4624436,-0.026030031018975715,-0.012146988414660033,0.0038558612887742427,-0.008605872298930797,0.6521669862476372,-0.020713809430359015,-0.7577429921413674
1592211157.4724436,-0.02608782361751911,-0.014260946915385132,0.003871628558132602,-0.009111737763027181,0.652251574128412,-0.021155164221463924,-0.7576525741284119
1592211157.4824436,-0.02613289339966247,-0.01674075467731885,0.0038963625427082607,-0.009771291465998894,0.6523604839736008,-0.02150410324344231,-0.7575404709276523
1592211157.4924436,-0.026182916472922202,-0.01920118870327412,0.003939962364710098,-0.010297605409651444,0.6524602205703641,-0.022069436265197695,-0.757432
1592211157.5024436,-0.026242103193211044,-0.021345280464747374,0.003968633004934874,-0.010999994550567107,0.6525473045666803,-0.022482641473571124,-0.7573342965113267
1592211157.5124435,-0.02631041014419636,-0.023473929067083073,0.004001691617493027,-0.011547336372531544,0.6526278731135611,-0.023118970804725955,-0.7572376258084739
1592211157.5224435,-0.02638325818816546,-0.02590613506177924,0.004050444741501614,-0.012027095447338659,0.6525307367699966,-0.023702633256604107,-0.7572960321346361
1592211157.5324435,-0.02644639235207463,-0.02844601857867522,0.004086006981743986,-0.012609977523437448,0.6524032943063521,-0.02409085290891333,-0.7573838490800338
1592211157.5424435,-0.02650043721064243,-0.03074759141762413,0.004120934203604757,-0.013218959082129726,0.6523178707389063,-0.02454512184555202,-0.7574323101093406
1592211157.5524435,-0.026553701063287655,-0.033041277642684906,0.004165749531822735,-0.013793556428354583,0.6522416574512582,-0.02501448731279093,-0.7574729178185927
1592211157.5624435,-0.0266036178337427,-0.035442072295485696,0.00419512402074254,-0.014404298441468674,0.6522426275074388,-0.02539168107083228,-0.7574476107554975
1592211157.5724435,-0.02664105528934586,-0.03778694245818062,0.004219719854640216,-0.014927460381080096,0.6522511176670539,-0.02584752899186853,-0.7574147794167635
1592211157.5824435,-0.026668056192345312,-0.03981299312303439,0.00421615477654327,-0.015440061884037886,0.6522486658587829,-0.026277408143511094,-0.7573921449345582
1592211157.5924435,-0.026691854971141207,-0.04192388038340207,0.004205270691755433,-0.016030379418959795,0.652271097058557,-0.02666428396317882,-0.7573468711228494
1592211157.6024435,-0.0267181249793757,-0.044108223238760846,0.004200450199061788,-0.016580841131171024,0.6522158484500123,-0.027158183553671642,-0.7573652469862441
1592211157.6124434,-0.026743552383441862,-0.0463710783118288,0.004205186352698149,-0.017079961527607816,0.6521426319082778,-0.02762282366478043,-0.7573996840458611
1592211157.6224434,-0.026768027712275936,-0.048642051703920795,0.00420561120815772,-0.01764314301808976,0.6520545303036992,-0.028028850549170193,-0.7574483817718324
1592211157.6324434,-0.026788537539759814,-0.050994150215907,0.004198532490368532,-0.01818159086878503,0.6519069489836307,-0.028400898590123326,-0.7575488080327694
1592211157.6424434,-0.026795079565168498,-0.0534159812369565,0.004193564555092491,-0.018655465609262085,0.6517651149094957,-0.028767994357163696,-0.7576452069192029
1592211157.6524434,-0.026784116915982228,-0.055859188896716344,0.004199218288764579,-0.019038647928819343,0.651610123214754,-0.0291414296568784,-0.7577549577636494
1592211157.6624434,-0.026758948866611943,-0.058310203167401986,0.004214440775669194,-0.019223359285088278,0.6514665099252074,-0.029535635767708998,-0.7578587599406084
1592211157.6724434,-0.0267663466810096,-0.060692809715406984,0.004195769481646234,-0.019560396950679244,0.6513578282674777,-0.029600995489752462,-0.7579404222963033
1592211157.6824434,-0.026776511603076328,-0.06292111222967066,0.004178735696205219,-0.0198429239972906,0.6512750692064816,-0.029853709581618083,-0.7579944111228052
1592211157.6924434,-0.02677993034610875,-0.06532983794202536,0.004177314566119031,-0.020004097949797288,0.6512333769931542,-0.030197436977941233,-0.7580123935079868
1592211157.7024434,-0.02676704057061375,-0.06789771352764168,0.004149108072490697,-0.020270410389867946,0.6512680409652953,-0.03028492757962473,-0.7579725047551077
1592211157.7124434,-0.026741666273934702,-0.07040826829726342,0.004120367279358728,-0.020513763008119038,0.6512050219440286,-0.03040624702136346,-0.7580147090905792
1592211157.7224433,-0.0267045258465764,-0.07288954427958773,0.004094478006037821,-0.020684904064721923,0.6511510235906421,-0.030525889910336633,-0.7580519858456146
1592211157.7324433,-0.026651669417789545,-0.0754009986199197,0.004088910997749638,-0.020624311211296063,0.6511454706912344,-0.030710579302222648,-0.7580506637919754
1592211157.7424433,-0.026579347604749858,-0.07802778644116126,0.00406281639354519,-0.020658568522128322,0.6511576281670397,-0.03058659265817164,-0.7580440736084038
1592211157.7524433,-0.02649631992388105,-0.08055471872081392,0.004048132776723711,-0.020534243762778983,0.6510494443995726,-0.030638607351609844,-0.7581388393052237
1592211157.7624433,-0.026398646827492447,-0.08316574999791265,0.004022624834885149,-0.020499646848074517,0.6509114149961908,-0.030501594557764477,-0.7582639381557347
1592211157.7724433,-0.02630471708231511,-0.08560921823167246,0.003993299279185,-0.020484024755011578,0.6507987867825339,-0.03047411279748594,-0.7583619381124711
1592211157.7824433,-0.026210600351994878,-0.0881543092127139,0.003970819578269144,-0.020510453520039745,0.6506125626344705,-0.030460018591984103,-0.7585213047841669
1592211157.7924433,-0.02612973301206922,-0.09060856738637861,0.003942270333975803,-0.020558273686249434,0.6504083410492125,-0.03043474736653898,-0.7586965957924223
1592211157.8024433,-0.026058666489784346,-0.09295402368986766,0.003921387180421183,-0.020532968421017466,0.6503441494736673,-0.03054462526322533,-0.758747082105276
1592211157.8124433,-0.025983056406026862,-0.09548062810139975,0.003916142709129634,-0.020492196141179933,0.6502378038588201,-0.030649056200507896,-0.7588352055079313
1592211157.8224432,-0.025893296628930553,-0.09817690223869513,0.0038843181050668306,-0.020516861838381768,0.6502864295496629,-0.030602571819865147,-0.7587955704503372
1592211157.8324432,-0.025796275326799633,-0.10078878158422457,0.0038606784502543076,-0.020499,0.6501257754701454,-0.030499390065874092,-0.7589373021701012
1592211157.8424432,-0.02570311624036667,-0.1032664728547898,0.003837801258598027,-0.020452476702652916,0.6500033191123565,-0.03042543507930207,-0.7590463845528442
1592211157.8524432,-0.02560980049090796,-0.10578399444251435,0.003803988047485456,-0.02046873176940245,0.6498471109711802,-0.03024321052772332,-0.7591873449578668
1592211157.8624432,-0.02552250854779691,-0.10820057679870447,0.0037789852033183785,-0.02035689038291098,0.6496651673299654,-0.030187960305501405,-0.7593479810671865
1592211157.8724432,-0.025440624564504556,-0.1106111628613379,0.0037584072025023075,-0.020235699716805264,0.6495501939677204,-0.030097836568968344,-0.7594530721962562
1592211157.8824432,-0.02537034741954236,-0.11289100809241431,0.0037517663578158066,-0.020077125120001024,0.6493967367433864,-0.03005033852061589,-0.7595906402018445
1592211157.8924432,-0.025306123419502145,-0.11519659813652999,0.003744225694245386,-0.019968756933202842,0.6492263425776038,-0.02997206769990213,-0.7597425020390466
1592211157.9024432,-0.02525279229971718,-0.11752187887673723,0.0037353987625593343,-0.019907752189749682,0.6491754323393355,-0.029894641472298603,-0.7597905430567865
1592211157.9124432,-0.02520555785477764,-0.11997593481776389,0.0037282603429417516,-0.019872806949513176,0.6492011634478905,-0.029814059205192776,-0.7597726435016228
1592211157.9224432,-0.02516280144559013,-0.12247114426733656,0.0037178002295780274,-0.019841330532761478,0.6492860900405051,-0.029708418008101027,-0.7597048861667858
1592211157.9324431,-0.025122358732282662,-0.12497891725845978,0.003714944227412096,-0.01972382938502306,0.6493510900440498,-0.029616478681946497,-0.7596553933674032
1592211157.9424431,-0.02508084577722072,-0.1275537833764522,0.0036927431835373213,-0.01960823499257678,0.6494959339365792,-0.029397256108721286,-0.7595433984917583
1592211157.9524431,-0.02503609019954542,-0.1300986417341564,0.0036820143620855286,-0.019371467580486253,0.6496247776819662,-0.02917048339875264,-0.7594483686766595
1592211157.962443,-0.024989647953994353,-0.13259108583796775,0.0036756776023846222,-0.019124916260998416,0.6497601829155573,-0.028934158682489056,-0.7593477823726483
1592211157.972443,-0.02495279895141181,-0.13483806550252178,0.0036623682101216536,-0.018852238215344565,0.6499110337204673,-0.02873154387162367,-0.7592328567799984
1592211157.982443,-0.02492082951004705,-0.13708961367176709,0.0036482193306900364,-0.018633704569200698,0.6500137457678046,-0.028561716704111693,-0.7591568958801396
1592211157.992443,-0.024896734582945678,-0.13934310949756915,0.0036389522231638576,-0.018519855032915925,0.6500494371809302,-0.02845081409534883,-0.7591332959062432
1592211158.002443,-0.024882302685108465,-0.14156772680567484,0.003618068391872057,-0.01861356880454929,0.6500957784402275,-0.028325389461120443,-0.7590957784402275
1592211158.012443,-0.02487270216280015,-0.14374353397405645,0.0036141873261315016,-0.01862820715565735,0.6500714526833715,-0.028400312489818016,-0.7591135249959272
1592211158.022443,-0.024856824741356733,-0.14605191370740137,0.003600449248679224,-0.018711347973569038,0.6501639560792929,-0.028410985225778774,-0.7590318644438342
1592211158.032443,-0.024820412487612784,-0.14858684530578,0.003597586133409462,-0.01880906178865627,0.6501078609258361,-0.028487726265147645,-0.7590747086112458
1592211158.042443,-0.024762411978960376,-0.15112358921712057,0.003574810373117249,-0.019036427416846427,0.650027856944765,-0.028532005608789438,-0.7591358078523052
1592211158.052443,-0.02469093889654185,-0.1536261628477933,0.0035539655971218304,-0.0192573706937332,0.6498469854836177,-0.028662968600428426,-0.759279904118234
1592211158.062443,-0.0246279426498375,-0.1558657888556223,0.0035419196026598514,-0.019468780238101106,0.6497758218266084,-0.028869948762273508,-0.7593277030443473
1592211158.072443,-0.024623469603735904,-0.157937753148016,0.003551116922459243,-0.01973640747883574,0.649788767441501,-0.029151637005374306,-0.7592989989893465
1592211158.082443,-0.024635646610819694,-0.16001730692593719,0.0035537330549523225,-0.020171707997596752,0.6498576131559524,-0.029389043704402994,-0.7592202262672731
1592211158.092443,-0.024656245228481453,-0.1620868170155679,0.003580957728159396,-0.020400640095511745,0.6497045446335462,-0.029844503657228953,-0.7593260977011353
1592211158.102443,-0.024682868244827634,-0.1643942544790176,0.003591254632895422,-0.02074393404307748,0.6496744058343106,-0.029991079258984372,-0.7593371014585777
1592211158.112443,-0.024709591949465825,-0.1666717756769019,0.00360017096060148,-0.021039640497158,0.6495153683261677,-0.030202322454410447,-0.7594572434951814
1592211158.122443,-0.02473161333526799,-0.1690692920004041,0.0036011504267789663,-0.021334507876886573,0.6493981097065545,-0.030300429487925825,-0.7595451880955153
1592211158.132443,-0.024747854380931314,-0.17141047494637596,0.0036129503205952003,-0.021551319285079057,0.6493098603127779,-0.03050155938721062,-0.7596060997765872
1592211158.142443,-0.024759064438908667,-0.17379710557050976,0.003623072354636478,-0.021797963589978715,0.6492530773871601,-0.030663027318092555,-0.7596420136590463
1592211158.152443,-0.024768016801733673,-0.1761134783418443,0.0036285551637466186,-0.022034060486049188,0.6491124164919714,-0.030795288894051306,-0.7597494769780206
1592211158.162443,-0.024783594219094558,-0.17828609350015254,0.003646457805132597,-0.022094124311567074,0.6490780946105412,-0.031013983477609797,-0.759768
1592211158.172443,-0.02481696243267352,-0.1804528311355175,0.0036574553353089247,-0.022105633762990805,0.6491268965597072,-0.031058366237009197,-0.7597241236554247
1592211158.182443,-0.02489388018645198,-0.18307412171670492,0.0036429877190106174,-0.02200569695262136,0.6490967742581961,-0.031060335525245533,-0.7597534967121317
1592211158.192443,-0.024992043239083283,-0.18580778824119892,0.0036335335174513942,-0.021751331132231957,0.6490817030055627,-0.031032424860934608,-0.7597745150278131
1592211158.202443,-0.025091255876094988,-0.1883698351767997,0.0036206468727664584,-0.0214703463739065,0.6490244120571302,-0.030798882208483005,-0.7598409419057774
1592211158.2124429,-0.02519406364069316,-0.1908487200991699,0.0035973597938844023,-0.021164117533456348,0.648917882334868,-0.030455529295580354,-0.7599542941408839
1592211158.2224429,-0.02530210397123145,-0.19332512915669348,0.0035802507203954474,-0.020694845775972814,0.6489204269110241,-0.03016273670117403,-0.7599768567277561
1592211158.2324429,-0.025417381491622672,-0.1958244118449571,0.0035589454168979294,-0.02024185776162229,0.6489424150137245,-0.029703636417052048,-0.7599878498039973
1592211158.2424428,-0.02553968374881852,-0.19820449899682557,0.003536362119701733,-0.019849150118794928,0.6491239772439292,-0.029235420076556204,-0.7598613345564934
1592211158.2524428,-0.025672978056682078,-0.20054360667277532,0.003530619553909601,-0.019367107037601087,0.6494111805964885,-0.028961268483487852,-0.759639120101164
1592211158.2624428,-0.025817907817574502,-0.20299200176057,0.0035185353822169193,-0.01904540139610163,0.6496140898150672,-0.0286070849981789,-0.7594866474833748
1592211158.2724428,-0.025953804953838002,-0.2053718933027599,0.0035005599401905217,-0.018831252601030347,0.6498706399201736,-0.028369157503741863,-0.7592817825661062
1592211158.2824428,-0.026041167526314902,-0.20752609439524536,0.00351810861449501,-0.018542511594226496,0.6500144453181965,-0.028302586616282942,-0.7591681660113526
1592211158.2924428,-0.026104607346962416,-0.20973636991317504,0.003517515071887263,-0.01837069793054255,0.6501583020694575,-0.02794781636615992,-0.7590618668502221
1592211158.3024428,-0.026154384743402648,-0.21224201659309308,0.0035190710030773872,-0.018149209536344402,0.6502641005720857,-0.027693410680515732,-0.7589862518754336
1592211158.3124428,-0.026182772650952663,-0.2148046243244247,0.0035290344442794885,-0.017901836159187133,0.6503530080703367,-0.027440489912079098,-0.7589247546413705
1592211158.3224428,-0.026196811546149418,-0.217230848086366,0.003543110608897414,-0.017650258591093895,0.650479029133243,-0.027262184450203286,-0.7588290697212778
1592211158.3324428,-0.02620937339940446,-0.21955920343658653,0.0035507805091214914,-0.01750694302549165,0.6506287012691285,-0.02709665257790202,-0.7587105303456035
1592211158.3424428,-0.026217847621932706,-0.22190392101766104,0.00355996071305091,-0.01736410458567259,0.6508529523618106,-0.027053213825992115,-0.7585228730318244
1592211158.3524427,-0.026210745871542623,-0.22441824006433114,0.00357154802108589,-0.017204916708027502,0.6510776183753381,-0.027022620191547553,-0.7583349447747199
1592211158.3624427,-0.026177765009901974,-0.2269605306823614,0.0035867230113381973,-0.016995697239653478,0.6512596016956175,-0.02687116151413193,-0.7581885830835716
1592211158.3724427,-0.02613133080190005,-0.22950264086078953,0.0035883624316151836,-0.016788689015934073,0.6513517139046993,-0.026581499174768673,-0.7581243153016339
1592211158.3824427,-0.026140078485396078,-0.23207097254424103,0.003567593962701692,-0.016528614503701827,0.6515591751636444,-0.026294737050112545,-0.7579618598690846
1592211158.3924427,-0.026158294640892806,-0.23460982509816827,0.0035584131886170233,-0.016241541153221007,0.6517821247483958,-0.025968186981435642,-0.7577870587903157
1592211158.4024427,-0.02618814842525287,-0.23711220700254043,0.003535257225809987,-0.015995451367481046,0.651990085035171,-0.0257005372101885,-0.7576228961578506
1592211158.4124427,-0.02621234767493018,-0.2395830530037272,0.00352972188945575,-0.015677669140932535,0.6520382110993821,-0.025424640720943997,-0.7575975243548569
1592211158.4224427,-0.026224081628920384,-0.24202850365099238,0.003511955234159956,-0.01535770313975831,0.6520953903616256,-0.025121624741544953,-0.7575644797894062
1592211158.4324427,-0.026221981669448086,-0.2444427516322896,0.0035013241518522093,-0.015041512837942713,0.6520049314899364,-0.02481987483028152,-0.7576594677200363
1592211158.4424427,-0.026202384156324393,-0.24683382330056025,0.0034976966112304627,-0.014611795173301495,0.652020923189988,-0.024613745185833407,-0.7576600780292185
1592211158.4524426,-0.026165270975163458,-0.2491976901963906,0.0034811631765198697,-0.014304547101017669,0.6519306945372622,-0.02417192837163093,-0.7577581318284222
1592211158.4624426,-0.02612520969829468,-0.2515506411797828,0.0034565662960110138,-0.013948216631207313,0.6518063712949445,-0.0237841492219767,-0.7578847303630776
1592211158.4724426,-0.026065092216548718,-0.25386717464530867,0.0034399276625249908,-0.013580375171523136,0.6515898381090752,-0.023423521602496857,-0.7580885461565368
1592211158.4824426,-0.025997589533443093,-0.2561582399168933,0.003409050910880097,-0.013303958182886664,0.6514293618280551,-0.02305105319636096,-0.7582423583125646
1592211158.4924426,-0.025932557147114954,-0.2584043559208945,0.0033964974327305077,-0.013090413847961117,0.6511604369278963,-0.02273383858205704,-0.7584864653800971
1592211158.5024426,-0.025879497216456843,-0.26058828837928094,0.003371964650228955,-0.012946619394017304,0.6508909005739378,-0.022486168646552944,-0.7587276627068942
1592211158.5124426,-0.025839731471616743,-0.26270654856343145,0.0033618672345701235,-0.012805866518753886,0.6505364090498849,-0.022311628227304963,-0.7590388480386369
1592211158.5224426,-0.025800885908329935,-0.2647695794716482,0.003337343172132544,-0.01275303981205906,0.6502834947298349,-0.022119342974158122,-0.7592627002349261
1592211158.5324426,-0.025759207263178957,-0.26666291544671994,0.0033411792814214665,-0.012550281666659798,0.6498322276470031,-0.02214319132351184,-0.7596517847549502
1592211158.5424426,-0.025702828120646903,-0.26866960270372464,0.0033154574003178092,-0.012503378055110734,0.6494781843859707,-0.022001717577223506,-0.7599590502206386
1592211158.5524426,-0.0256485454585337,-0.2705267280770734,0.0033079131979300716,-0.012351912818840252,0.6489135049400933,-0.02199062973840478,-0.7604439730062831
1592211158.5624425,-0.025603525110887693,-0.2722596000054914,0.0032943430470691133,-0.012259432509926527,0.6484252309161285,-0.021871938964086783,-0.7608652385659149
1592211158.5724425,-0.025615345500325435,-0.27404569652179983,0.003274128871352452,-0.012154702976188298,0.647988164270446,-0.021655909630643837,-0.7612457148885887
1592211158.5824425,-0.02563731800629093,-0.2757922544520852,0.003251538426985571,-0.01203400999974624,0.6476386538086417,-0.021357139046507347,-0.7615528264293508
1592211158.5924425,-0.02566058037658134,-0.2774405428957667,0.0032376561922325053,-0.011840200818577727,0.6473317779851202,-0.0211420565269421,-0.7618229951648425
1592211158.6024425,-0.02568333744627965,-0.27922765183574805,0.003214150886282505,-0.011716424720839278,0.6470669261404811,-0.020849958811314944,-0.7620581065303527
1592211158.6124425,-0.025704715395541342,-0.28084137969149675,0.0031935563505989624,-0.011561007735059855,0.6468503263505367,-0.020688259443145837,-0.762248562588503
1592211158.6224425,-0.025732524278406384,-0.2823347193147679,0.0031868313535824535,-0.011402023123693419,0.6466349764606103,-0.02059579050110484,-0.762436395596966
1592211158.6324425,-0.02578081789461995,-0.2838112868355322,0.0031729412860452486,-0.011359175523476858,0.6464977486949117,-0.020480929878576182,-0.7625564150683554
1592211158.6424425,-0.025844461462972403,-0.28526768237950473,0.0031596701897989884,-0.011272401264444022,0.6464234506169058,-0.02038937038852295,-0.7626234506169058
1592211158.6524425,-0.02590064803783171,-0.28677101357838336,0.0031488709034679136,-0.011105032576239064,0.6463923457673524,-0.02025481449868987,-0.7626555312686625
1592211158.6624424,-0.02593841624574095,-0.288492889585306,0.0031266886621092722,-0.010967121661498623,0.6462770787221461,-0.020016766032162826,-0.7627613270031008
1592211158.6724424,-0.025867922897543666,-0.2902003259962169,0.0030892419487524242,-0.010766392640952093,0.6461582747807163,-0.019810765185530516,-0.7628704899518132
1592211158.6824424,-0.025735286734468107,-0.29189255330205516,0.003041875866544561,-0.010598238801167736,0.6460938212573107,-0.019535724502921254,-0.7629346439473678
1592211158.6924424,-0.025585070527924265,-0.2935548339634378,0.003006403200547311,-0.010324463415062782,0.6461078087293768,-0.019426270860449256,-0.7629292682924687
1592211158.7024424,-0.025429399556215742,-0.2951907204781126,0.0029568240158261063,-0.010184620108974295,0.6460822512512652,-0.01911648544095806,-0.7629599879434885
1592211158.7124424,-0.025277590109179612,-0.2968062652711226,0.0029029820828930255,-0.009964647529299177,0.6461054041754256,-0.018933771815876972,-0.7629482642310017
1592211158.7224424,-0.02512485377863591,-0.29841413063992217,0.0028520017140644563,-0.00973868538576413,0.6462592298830733,-0.01860886664800853,-0.7628288305376748
1592211158.7324424,-0.024976724384874534,-0.30001044445095637,0.002811938879888769,-0.00938012661664348,0.6464488848119826,-0.01841824180466087,-0.7626776915789826
1592211158.7424424,-0.02483511208378229,-0.3015913721219381,0.0027538288799291047,-0.00914841332607551,0.6466123613704059,-0.01797134529263187,-0.7625523873482407
1592211158.7524424,-0.024708219851644495,-0.30313366724472535,0.0027081987257665152,-0.008790128452237091,0.6466222124654918,-0.017726976148697404,-0.7625539398380479
1592211158.7624424,-0.02458948725665405,-0.3046386330275074,0.0026720268925607264,-0.008419491554952578,0.6465972627943092,-0.017375068320808245,-0.7625874948822763
1592211158.7724423,-0.024412815620110995,-0.3060983542276048,0.002660201171654608,-0.008055655829761943,0.6466529150638384,-0.017061262468063616,-0.762550588765951
1592211158.7824423,-0.024261525525710245,-0.3075241567263869,0.0026445232492650636,-0.00773652915663013,0.6467459342541584,-0.01678850264773597,-0.7624818822891575
1592211158.7924423,-0.024132977519126075,-0.30891793884702085,0.0026427549967494575,-0.007358720727632013,0.646821,-0.01664449204126041,-0.7624242410355089
1592211158.8024423,-0.024010252472568636,-0.3102905591531426,0.0026339125115666887,-0.0070776042753007236,0.646852176401283,-0.01636675088364074,-0.7624069338495187
1592211158.8124423,-0.023889899051967176,-0.31164545068044597,0.0026184700637505607,-0.006806203542208364,0.646801582040904,-0.01612937124890953,-0.7624574672845963
1592211158.8224423,-0.02377015624902244,-0.31297700100310033,0.002603041898558428,-0.006493208833127373,0.6467046509036062,-0.01589201959138882,-0.7625474567640204
1592211158.8324423,-0.023657516319583405,-0.3142947740683791,0.0025810437034625025,-0.006213209687519018,0.6466655435000009,-0.015565511250016137,-0.7625892526874988
1592211158.8424423,-0.023567301085329728,-0.3156054752568728,0.0025687591071619498,-0.00587065801098457,0.646659248307129,-0.015332342548460312,-0.7626022818848266
1592211158.8524423,-0.023518636428773533,-0.3166970288268051,0.002553146500699652,-0.0055805178862061745,0.646777001085853,-0.015064638233679132,-0.7625101991313177
1592211158.8624423,-0.023493453593423443,-0.31779067687418705,0.0025403183351157765,-0.005294149329086962,0.6469530051428353,-0.014833251203883117,-0.7623665126934367
1592211158.8724422,-0.02344716152540412,-0.3191590853273422,0.0025223682969264943,-0.004982530630002363,0.6470766996253013,-0.014630874139464768,-0.7622676978534233
1592211158.8824422,-0.023395328865691224,-0.32055379734318634,0.002487271789208096,-0.004794857187162783,0.6471689387501928,-0.01430557148395348,-0.7621974081834402
1592211158.8924422,-0.023332998651421685,-0.3219311213808805,0.0024625340844823033,-0.004545479446448594,0.6471445848824341,-0.014050339529736418,-0.7622243355421253
1592211158.9024422,-0.02326521420650501,-0.32326689933602704,0.0024343706107410367,-0.004312493100278389,0.6472026076640875,-0.013749332373620042,-0.7621813187729288
1592211158.9124422,-0.02320242702441317,-0.3245488426331125,0.0024193290012925394,-0.004018962220818381,0.6472472033759243,-0.013492966240756677,-0.7621501036979313
1592211158.9224422,-0.023159566004766957,-0.3257234877574596,0.002392289567528942,-0.003764332698957991,0.6473623200309172,-0.01315192803618461,-0.7620599669323257
1592211158.9324422,-0.02314420211768295,-0.32670062633325925,0.0023637522172015608,-0.0035060547278938227,0.6475332945262213,-0.01278987363353379,-0.7619215174138705
1592211158.9424422,-0.023140745600941107,-0.32762367655709546,0.0023427979129238773,-0.003173958051690377,0.6477981369716337,-0.012432900466482896,-0.761703556157175
1592211158.9524422,-0.023136279591904615,-0.3284984462146654,0.0023208864157804017,-0.0027926342762456787,0.6481356874758812,-0.012046490410589365,-0.7614247618542995
1592211158.9624422,-0.023117034148051628,-0.32944298509016934,0.002293081039435295,-0.0023950186023604333,0.6484613488994287,-0.011579291571222257,-0.7611554970889991
1592211158.9724422,-0.023106251334523972,-0.3303998797821916,0.0022824900172587204,-0.0019072818873220306,0.6487307205066849,-0.011184870783956332,-0.7609335242886125
1592211158.9824421,-0.023092628224086274,-0.33129272790107983,0.002268392344103715,-0.0014892269602268461,0.6489538316762773,-0.010722801639851022,-0.7607507354175571
1592211158.9924421,-0.023083251759412553,-0.3321159303223334,0.0022469569140874768,-0.001138378441440752,0.6491732628752998,-0.01029002454857927,-0.7605701964063174
1592211159.0024421,-0.023086024525791414,-0.33276026029438377,0.002235525230118666,-0.000830780316075337,0.6494520324429695,-0.009956530370611083,-0.7603366239910887
1592211159.012442,-0.02310044279930309,-0.3333012344719887,0.0022277483974797695,-0.0006504629123529013,0.6498145111561826,-0.009742837407923104,-0.7600302352834453
1592211159.022442,-0.02312076355485553,-0.3337861466351998,0.002213363225181791,-0.000606,0.650167815359921,-0.009627700193188564,-0.7597291088390918
1592211159.032442,-0.023135622070220876,-0.3342301444462564,0.0021950273687860395,-0.0006328769478348914,0.6504521566843082,-0.00956083429095974,-0.7594867095993079
1592211159.042442,-0.023140813886322952,-0.3347056019211039,0.0021742138197306756,-0.0006982396924155045,0.6506599113084021,-0.009505059923103876,-0.7593093283840134
1592211159.052442,-0.02313686312736759,-0.3351753494321773,0.0021605925999348854,-0.0007142935512077748,0.6507910202071263,-0.009497179019565012,-0.7591972136708931
1592211159.062442,-0.02312956583486613,-0.3356271036526807,0.0021462587167854386,-0.0007179184541536947,0.6509238154584631,-0.009460431635692048,-0.7590841581784603
1592211159.072442,-0.02314300530629549,-0.3359986026741002,0.0021308707124518896,-0.0007017286604184492,0.6510753199394104,-0.009439542679163101,-0.7589542074751497
1592211159.082442,-0.02317793609921381,-0.3363232600142493,0.0021134707126023106,-0.0007248688345995637,0.6512971175953907,-0.009470321989813695,-0.7587632980839947
1592211159.092442,-0.023231401721892923,-0.33664178938368056,0.0020960841469023126,-0.0007944996188835947,0.6515830866494978,-0.009563253951358486,-0.7585165184732487
1592211159.102442,-0.023301424641169483,-0.3369605626703324,0.002076553055908999,-0.00094067961721432,0.6519276534901203,-0.009702335454091477,-0.758218564731046
1592211159.112442,-0.023386861771804355,-0.3372766589641555,0.0020528655625304732,-0.0011677312542861843,0.6523438073754092,-0.009833044980663593,-0.7578585444115297
1592211159.122442,-0.02348770957903632,-0.33758141497018257,0.002028260697729946,-0.0013954063260169733,0.6528568661015227,-0.009996106898977597,-0.7574136084687568
1592211159.132442,-0.02360364304812057,-0.3378732756707876,0.0020031716903890183,-0.001626624136915413,0.653433697586429,-0.010134704552422349,-0.7569136345859054
1592211159.142442,-0.02373712384346621,-0.33815723036198064,0.001976009527762478,-0.0018156299681656046,0.6540852269636797,-0.01024854505410226,-0.756349552056048
1592211159.152442,-0.023892962715286424,-0.33843539126777533,0.0019462270352874058,-0.001943554936997546,0.6548359213594389,-0.010300255493699754,-0.7556980423674782
1592211159.162442,-0.024072125396141286,-0.3387073579623782,0.0019148868160552867,-0.0020278023881981034,0.6557140107483403,-0.01028299701475237,-0.7549365689534246
1592211159.172442,-0.024261996939636484,-0.3389470494384931,0.0018827703634434825,-0.0020849753135831943,0.6566725328570358,-0.010201040827535486,-0.7541044054269221
1592211159.182442,-0.024466594111409758,-0.33914951147988764,0.0018509394650199089,-0.0021234335546870776,0.6576947849200042,-0.010125024996280527,-0.7532134078497117
1592211159.192442,-0.024664581799557533,-0.3393071713392742,0.0018191717049763734,-0.0021795160644570545,0.6586576210589373,-0.010093529976979623,-0.7523723050745809
1592211159.202442,-0.02483045470128013,-0.3394234856146364,0.0017882561167180335,-0.0022452102941267252,0.6593841029412673,-0.010085253609624843,-0.7517345155970682
1592211159.212442,-0.024907597169089243,-0.3394780145514724,0.0017684258591111864,-0.00234111329532721,0.6597968952354791,-0.010083,-0.7513721055063303
1592211159.222442,-0.02492292217320461,-0.339492450224836,0.0017619427989882311,-0.0024484598295288784,0.6598527418801714,-0.010100943589871512,-0.7513236694018545
1592211159.232442,-0.024924358175875964,-0.33949682286727473,0.001759671405000161,-0.0025756674661023505,0.6596876056526677,-0.010156572592714765,-0.751467593197193
1592211159.242442,-0.024923582269940257,-0.3395005932560241,0.0017570408803880835,-0.0027107286844096777,0.6593926169577299,-0.010263094849249858,-0.7517242863703849
1592211159.252442,-0.024922410924643777,-0.339504534017212,0.0017548458232778165,-0.002846959044818654,0.6590735057207102,-0.010387959044818654,-0.7520011392801547
1592211159.2624419,-0.024921432482906538,-0.3395084754548348,0.0017528481683205465,-0.0029721671224320245,0.6588094073990144,-0.010516167122432024,-0.7522305480350038
1592211159.2724419,-0.024920716839598123,-0.339508966593978,0.0017518643450356744,-0.0030625295992183135,0.6586127717699357,-0.010613797211869383,-0.7524012338561481
1592211159.2824419,-0.024920446448717232,-0.3395099656420582,0.0017515848624468397,-0.003086786164808771,0.6584703867750816,-0.01066044811803289,-0.752524737436503
1592211159.2924418,-0.0249204541573291,-0.33950996356254237,0.0017509162210509889,-0.0030769878656204184,0.6584266626218734,-0.010674680823442846,-0.7525626686890632
1592211159.3024418,-0.024921465638968975,-0.3395089608946026,0.0017499569552234548,-0.0030201493916096507,0.6584926292116386,-0.010629506726656994,-0.7525061547729353
1592211159.3124418,-0.024924716579199556,-0.3395083434089816,0.001747417602779226,-0.002955070883440277,0.6587230969495136,-0.010560849650113844,-0.752305283533761
1592211159.3224418,-0.024930890661355426,-0.33950735622853856,0.0017425435477814873,-0.0029204924439780503,0.6590249502345816,-0.010491370071197976,-0.7520427416188249
1592211159.3324418,-0.024939854853196407,-0.33950636692772823,0.0017367015946897586,-0.002900855744948699,0.6593274338843079,-0.010434711489897398,-0.7517776203512305
1592211159.3424418,-0.024946736263747698,-0.33950491256590637,0.0017318435258330245,-0.002892353222004811,0.6595601713595125,-0.010382589976429827,-0.7515746515520769
1592211159.3524418,-0.024949705505720992,-0.33950490601965144,0.0017294358187751192,-0.0028839960300491747,0.6596825183610225,-0.010326486601415963,-0.7514679841201968
1592211159.3624418,-0.02494972858180781,-0.33950389988580176,0.0017274650973375311,-0.0028555616130579386,0.659716,-0.010268342419586907,-0.751439
1592211159.3724418,-0.024949734960263047,-0.3395028982563933,0.0017269427206711202,-0.0028127090951177926,0.6596933818229918,-0.010216593943201811,-0.7514597333289242
1592211159.3824418,-0.024949746621540158,-0.33950247874866024,0.0017259440885161502,-0.0027832524006007526,0.6596389244019357,-0.010191918000333752,-0.7515088263982644
